8.990635	-14.610769	-0.031786	0.021121
10.080633	-14.521175	-0.096944	0.058145
11.123443	-14.593337	-0.138651	0.026355
12.204039	-14.488420	0.041985	0.052885
13.330154	-14.594443	-0.179351	0.062378
14.347265	-14.575933	-0.060140	0.016879
15.365196	-14.588676	-0.195482	0.021385
-15.628455	-14.538931	0.098933	0.009577
-14.551668	-14.565562	0.229269	0.001786
-13.501412	-14.612306	0.024454	0.012024
-12.459183	-14.634338	-0.011963	0.020284
-11.472734	-14.743292	-0.424287	0.037424
-10.439090	-14.700503	-0.282767	0.035538
-9.338527	-14.643489	-0.153906	0.026559
-8.136580	-14.621775	-0.168459	0.036513
-7.088698	-14.682350	-0.074597	0.012650
-5.957591	-14.673306	-0.303951	0.018865
-4.968762	-14.720671	0.082547	0.050574
-3.760427	-14.761927	0.205251	0.072875
-2.795744	-14.758599	-0.172299	0.016751
-1.717594	-14.694825	0.075328	0.005810
-0.676046	-14.613774	0.281989	0.024586
0.427780	-14.654750	0.073780	0.018972
1.455541	-14.703903	0.304795	0.023743
2.585571	-14.697411	0.071107	0.027872
3.739563	-14.683657	0.041049	0.065965
4.728682	-14.650316	0.225576	0.024917
5.825497	-14.718641	0.259178	0.026125
6.928338	-14.662314	0.172121	0.016508
7.908011	-14.613075	0.093709	0.044477
9.555835	-13.769308	0.187396	0.016532
10.690708	-13.781695	0.139009	0.021417
11.714595	-13.729840	-0.121365	0.007669
12.695381	-13.668373	0.081943	0.052780
13.785705	-13.775964	-0.060567	0.024624
14.811612	-13.777336	0.101421	0.028495
15.938336	-13.680299	0.161745	0.028411
-15.061090	-13.659991	0.144282	0.037141
-14.033382	-13.732223	-0.101076	0.005204
-13.050361	-13.762237	-0.367298	0.029940
-11.965293	-13.801010	-0.087259	0.018851
-10.934043	-13.909539	0.070664	0.041284
-9.899646	-13.846620	0.100281	0.025974
-8.778659	-13.833793	-0.013571	0.010804
-7.615459	-13.782763	0.014093	0.026484
-6.553487	-13.863888	0.066280	0.015731
-5.454979	-13.939256	0.090167	0.055927
-4.346373	-13.915087	0.263956	0.036121
-3.251084	-13.888997	0.027018	0.036458
-2.270128	-13.904215	-0.062013	0.025655
-1.139702	-13.800395	-0.046669	0.049074
-0.190190	-13.845219	-0.046210	0.050524
1.007340	-13.850075	-0.028173	0.044819
2.063320	-13.825469	0.113113	0.015722
3.101791	-13.825284	-0.198731	0.022258
4.155177	-13.782627	-0.037568	0.032851
5.313705	-13.766428	-0.075568	0.034781
6.396497	-13.751167	0.001782	0.016356
7.467888	-13.749802	-0.207339	0.013092
8.521634	-13.770050	-0.006777	0.012935
9.128680	-13.034774	-0.135496	0.055072
10.139428	-12.967798	0.030456	0.023597
11.250976	-12.965839	-0.017073	0.050895
12.204227	-12.893574	0.144716	0.017013
13.302767	-12.852987	-0.097469	0.020771
14.306920	-12.901664	-0.107337	0.012094
15.423243	-12.944788	-0.177145	0.030793
-15.603983	-12.950672	0.024528	0.034221
-14.548237	-12.908670	-0.322253	0.015821
-13.550007	-12.898315	-0.150872	0.028379
-12.423129	-12.988766	-0.059209	0.020880
-11.379515	-12.986234	0.181900	0.013478
-10.304574	-12.940368	0.228206	0.031112
-9.305869	-12.990318	0.288956	0.031961
-8.240159	-12.996331	-0.051964	0.042113
-7.071111	-12.989665	0.116763	0.011203
-5.945395	-12.993734	0.109869	0.019447
-4.908350	-12.957279	0.109434	0.073447
-3.929202	-13.088414	-0.120581	0.091016
-2.777648	-13.006693	0.059203	0.028652
-1.752842	-13.041248	0.002334	0.028586
-0.664513	-12.964031	-0.157634	0.020877
0.352519	-12.983547	-0.032388	0.041427
1.470934	-12.955796	0.064950	0.033134
2.653717	-13.028606	0.044047	0.041059
3.645487	-12.982849	-0.021015	0.009290
4.744517	-12.980574	-0.058800	0.029232
5.742173	-12.852647	0.128983	0.110765
6.891568	-12.873936	-0.129407	0.024506
7.991279	-12.910868	-0.019955	0.016409
9.704505	-12.132576	-0.194801	0.032674
10.668977	-12.041065	-0.132397	0.026633
11.669392	-12.044968	-0.137856	0.029163
12.748673	-12.021721	-0.267890	0.004214
13.837506	-11.986906	-0.386094	0.014663
14.887188	-11.984948	-0.192326	0.017344
15.995321	-12.054538	0.058366	0.010495
-15.009841	-12.059119	0.088736	0.012075
-13.987078	-12.019165	-0.093000	0.013173
-12.915458	-12.097835	0.030347	0.034364
-11.755535	-12.095190	-0.064190	0.129166
-10.785274	-12.113578	0.362943	0.030724
-9.631559	-12.139578	0.140632	0.062169
-8.629884	-12.227936	0.035249	0.044267
-7.584151	-12.202473	0.103397	0.029348
-6.435236	-12.197979	-0.113970	0.049454
-5.388055	-12.170065	-0.014318	0.021811
-4.336745	-12.242428	-0.089507	0.047727
-3.346147	-12.230362	0.089330	0.031656
-2.304361	-12.108296	0.238121	0.051882
-1.219214	-12.129801	0.092969	0.016407
-0.064611	-12.123311	-0.019799	0.033149
0.988104	-12.095208	-0.022843	0.023382
2.109771	-12.120425	0.061027	0.015417
3.174808	-12.175060	-0.198589	0.016771
4.209753	-12.100625	-0.292176	0.024545
5.337601	-12.101228	-0.322954	0.022169
6.426858	-12.093844	0.047545	0.030702
7.511723	-12.038481	-0.038819	0.041035
8.621505	-12.159885	-0.184890	0.040058
9.081910	-11.313151	-0.260554	0.014103
10.202144	-11.190441	-0.377969	0.043546
11.265749	-11.172127	-0.182577	0.047900
12.204658	-11.214403	0.081665	0.029912
13.227156	-11.124037	-0.429900	0.035507
14.329582	-11.085098	-0.097185	0.037321
15.384890	-11.183867	0.001993	0.022143
-15.574407	-11.198037	0.097188	0.007003
-14.454851	-11.127470	0.154161	0.041853
-13.406878	-11.214358	-0.205267	0.020723
-12.481330	-11.245244	-0.025997	0.086363
-11.384726	-11.298396	0.115344	0.074323
-10.243586	-11.234971	0.050119	0.043955
-9.067718	-11.325822	0.037355	0.038782
-8.090017	-11.287062	-0.096843	0.030157
-7.083265	-11.336787	0.129614	0.031595
-6.015960	-11.297737	-0.035660	0.042382
-4.874152	-11.348735	0.082784	0.018296
-3.852479	-11.288262	-0.015513	0.069267
-2.800346	-11.370853	-0.118209	0.033881
-1.675950	-11.324411	-0.172280	0.021233
-0.632917	-11.281842	0.186682	0.008937
0.393156	-11.310411	-0.080718	0.046012
1.507017	-11.277710	-0.068572	0.018377
2.629199	-11.276506	0.038264	0.015294
3.737347	-11.301362	-0.072852	0.031432
4.803558	-11.354075	-0.022370	0.055211
5.885744	-11.320484	0.072205	0.029384
6.924823	-11.201406	0.070509	0.050873
7.981992	-11.313466	-0.083543	0.028490
9.585800	-10.484925	0.001348	0.057688
10.633745	-10.365798	-0.163833	0.048586
11.830491	-10.382873	-0.333830	0.076719
12.768746	-10.324276	-0.118839	0.016905
13.812856	-10.359667	0.099562	0.027214
14.905834	-10.238544	0.115166	0.056197
15.939335	-10.371363	0.100999	0.042461
-15.083669	-10.318445	0.229031	0.019159
-13.937463	-10.333839	0.111376	0.026764
-12.944423	-10.460465	0.158736	0.074644
-11.837854	-10.427748	-0.103932	0.005757
-10.700371	-10.437099	-0.162671	0.023018
-9.628516	-10.491639	0.028800	0.014430
-8.508559	-10.518987	-0.093075	0.042717
-7.530556	-10.487080	-0.004960	0.013667
-6.505786	-10.442167	-0.134158	0.017405
-5.391648	-10.491963	-0.023387	0.009622
-4.322198	-10.541208	0.141047	0.018035
-3.235951	-10.579559	-0.030617	0.064943
-2.184702	-10.447558	-0.238133	0.063921
-1.163649	-10.442736	0.007912	0.027051
-0.090397	-10.409865	-0.156494	0.027609
1.064421	-10.411031	-0.032345	0.037390
2.082873	-10.420088	0.095927	0.028596
3.129502	-10.551343	-0.260020	0.123454
4.210237	-10.404215	-0.070501	0.049933
5.210313	-10.457224	0.030118	0.103310
6.373257	-10.453868	-0.012796	0.036226
7.492344	-10.481843	0.051786	0.012877
8.519847	-10.465435	0.053658	0.017320
9.154003	-9.611712	0.048231	0.094302
10.160320	-9.505034	0.026330	0.088067
11.182339	-9.555815	-0.287354	0.020188
12.352028	-9.560531	-0.205312	0.062134
13.309991	-9.507762	-0.138173	0.026707
14.412659	-9.499842	0.095502	0.030741
15.456636	-9.378299	0.220390	0.059212
-15.579842	-9.481184	0.088559	0.015520
-14.502049	-9.437083	-0.056676	0.019550
-13.319673	-9.481951	-0.037106	0.048623
-12.274022	-9.577456	0.133942	0.021298
-11.217201	-9.620083	-0.023982	0.013503
-10.155153	-9.700780	-0.200909	0.045898
-9.044237	-9.617961	-0.115816	0.022884
-8.060044	-9.606064	-0.261377	0.022363
-6.985491	-9.579042	-0.193319	0.013653
-5.954606	-9.672565	-0.019139	0.024141
-4.858503	-9.638721	0.139853	0.021347
-3.823527	-9.732961	-0.099459	0.018063
-2.794059	-9.678489	0.087315	0.026480
-1.785751	-9.713055	0.258319	0.083201
-0.594881	-9.704314	0.143783	0.033398
0.494250	-9.573394	-0.191028	0.038705
1.545624	-9.547282	-0.272557	0.032488
2.764699	-9.612817	-0.189749	0.147696
3.678501	-9.566266	-0.058315	0.045947
4.843798	-9.520677	0.005838	0.057443
5.874242	-9.490676	-0.056992	0.073778
6.951867	-9.640687	-0.004960	0.014684
8.063369	-9.694048	-0.153666	0.035817
9.461653	-8.825859	-0.114086	2.193337
10.648656	-8.713391	-0.036579	2.697565
11.679462	-8.743237	-0.007924	2.672645
12.810290	-8.786259	0.345063	2.195567
13.823734	-8.593430	0.099457	3.151601
14.948875	-8.594668	-0.302769	2.671245
-16.025776	-8.610380	-0.148419	2.444508
-15.016107	-8.623978	-0.183362	2.500440
-13.857445	-8.505821	-0.085792	3.416697
-12.807668	-8.736303	-0.001516	2.340487
-11.702294	-8.686096	-0.038698	3.029683
-10.696408	-8.787591	0.166588	2.675958
-9.660431	-8.756342	-0.118169	2.879613
-8.524027	-8.741975	0.035711	2.704680
-7.434853	-8.711374	-0.125064	2.891655
-6.434244	-8.747609	0.012138	2.826834
-5.367536	-8.826196	0.155823	2.492510
-4.308056	-8.896199	0.080622	2.048530
-3.342102	-8.872652	0.310223	2.194466
-2.206557	-8.838825	0.220021	2.198531
-1.137650	-8.927463	0.346593	1.887894
-0.114432	-8.840141	0.098441	2.389749
0.858093	-8.675331	-0.051625	3.118432
2.102482	-8.689993	-0.177293	2.969255
3.159715	-8.684848	-0.256389	3.067935
4.240986	-8.736460	-0.353275	2.513640
5.361102	-8.666403	-0.081018	2.791842
6.509261	-8.804797	-0.237532	2.209706
7.515096	-8.828597	-0.378181	2.540952
8.508193	-8.813536	-0.190773	2.485797
9.111766	-9.486540	0.528683	1.957049
10.224904	-9.520457	0.252592	2.494058
11.261516	-9.530104	-0.106939	2.704726
12.368226	-9.560182	0.067653	3.006797
13.421164	-9.444736	-0.163687	2.554134
14.406967	-9.443195	-0.101475	2.965889
15.546187	-9.316938	0.177821	2.381655
-15.532111	-9.378226	-0.087212	2.675968
-14.559971	-9.344190	0.238835	2.690603
-13.516762	-9.387783	0.047437	2.807144
-12.316406	-9.519202	0.272299	3.042004
-11.259494	-9.488861	0.045092	2.609194
-10.119962	-9.601247	0.025942	3.214090
-9.133970	-9.485641	-0.177561	2.381403
-8.108305	-9.530985	-0.144751	2.846920
-6.992680	-9.500635	-0.284188	2.610428
-6.024134	-9.590289	0.032692	2.926711
-4.884858	-9.543479	-0.224761	2.466119
-3.735308	-9.517340	-0.454851	2.353554
-2.729085	-9.500038	-0.228718	2.277292
-1.711245	-9.408570	-0.309912	1.655963
-0.600241	-9.598454	-0.020723	2.836084
0.477339	-9.559220	0.144781	3.147166
1.410333	-9.480050	-0.206330	2.836095
2.527037	-9.548846	-0.183157	3.092850
3.640661	-9.504692	0.109581	2.705860
4.730176	-9.517391	0.087134	2.948104
5.900124	-9.457961	0.259578	2.521868
7.050348	-9.577187	0.109128	2.979590
8.072457	-9.585303	0.245473	2.650221
9.586906	-8.732532	-0.092427	0.022946
10.679912	-8.705124	0.094354	0.009352
11.846285	-8.680346	0.048929	0.043376
12.819606	-8.590975	-0.132869	0.029326
13.892112	-8.645999	-0.105291	0.041252
14.927524	-8.509933	-0.021158	0.017035
16.016412	-8.491022	0.071482	0.006822
-14.994584	-8.521545	0.005804	0.017751
-13.970017	-8.482377	0.292037	0.010004
-12.914913	-8.533624	0.173253	0.026098
-11.783077	-8.650702	0.427561	0.039513
-10.739348	-8.616351	0.113071	0.042124
-9.627815	-8.691276	0.009757	0.048093
-8.651298	-8.681887	-0.109815	0.028696
-7.547822	-8.630779	-0.100617	0.024890
-6.534416	-8.693448	-0.149912	0.020249
-5.459206	-8.700756	-0.109670	0.027015
-4.282463	-8.619090	-0.426653	0.039772
-3.155021	-8.628352	-0.428822	0.061478
-2.209393	-8.652025	-0.096982	0.019896
-1.113956	-8.683853	-0.073783	0.037592
-0.121282	-8.604451	0.017662	0.081556
0.993299	-8.594567	-0.016583	0.031027
2.094855	-8.646263	-0.346288	0.021473
3.106053	-8.681628	-0.028087	0.014763
4.193037	-8.631760	-0.066143	0.008365
5.314840	-8.610128	0.202265	0.017082
6.381256	-8.591326	-0.008149	0.029955
7.513360	-8.654495	-0.068964	0.028383
8.595286	-8.807036	0.017941	0.090870
9.001364	-7.864780	0.065977	0.022807
10.072090	-7.852983	0.239289	0.011235
11.222485	-7.870845	0.359261	0.019103
12.285284	-7.738975	-0.044995	0.033491
13.362865	-7.716978	0.241348	0.019510
14.357038	-7.705929	0.004597	0.028090
15.500480	-7.635610	-0.193083	0.017383
-15.561832	-7.641245	-0.023348	0.010942
-14.490252	-7.619105	0.153875	0.014053
-13.387740	-7.658596	0.176055	0.013700
-12.251551	-7.638900	0.261825	0.091573
-11.268131	-7.854395	-0.077778	0.102553
-10.240884	-7.835260	-0.108798	0.034893
-9.252602	-7.714501	-0.254504	0.141047
-8.155438	-7.859769	-0.100114	0.052234
-7.026456	-7.811196	-0.236979	0.022166
-5.936456	-7.771717	-0.131434	0.026519
-4.929189	-7.892744	-0.213449	0.092042
-3.815403	-7.792325	-0.224907	0.020209
-2.744464	-7.803696	0.104628	0.008761
-1.681966	-7.806635	-0.081648	0.007482
-0.540032	-7.846991	0.059486	0.065096
0.539661	-7.805781	0.008648	0.073497
1.572921	-7.723582	0.028464	0.032688
2.629140	-7.767022	0.028325	0.012398
3.685773	-7.857397	0.254298	0.031749
4.770237	-7.745622	-0.024942	0.035758
5.766568	-7.806493	0.064766	0.047945
6.891595	-7.771228	-0.012348	0.044382
7.947142	-7.908986	0.195209	0.053882
9.536025	-7.049978	-0.067048	0.013644
10.585491	-7.037634	0.174814	0.008996
11.705697	-7.023791	0.178598	0.017185
12.815236	-6.954255	0.076167	0.009249
13.874854	-6.883679	0.211389	0.007984
14.929399	-6.852429	-0.151947	0.007401
16.010188	-6.833852	0.270332	0.015499
-15.009865	-6.699468	0.015245	0.038470
-13.846674	-6.710663	0.222403	0.056416
-12.837357	-6.789274	0.280944	0.020606
-11.830679	-6.739736	0.107327	0.141509
-10.781497	-6.921226	0.016147	0.039529
-9.678565	-6.930275	0.096733	0.018836
-8.599514	-6.977731	-0.010724	0.013882
-7.503533	-7.074415	-0.094483	0.077460
-6.390680	-6.918278	-0.307005	0.052621
-5.346402	-6.967226	-0.039365	0.028016
-4.337839	-6.940860	-0.250276	0.012460
-3.368858	-6.931468	0.012579	0.036037
-2.284059	-6.926089	-0.089255	0.027714
-1.130782	-6.895801	0.021069	0.040575
-0.136191	-6.939987	0.031592	0.046563
0.926867	-6.911729	0.201770	0.052203
2.021730	-6.857196	0.294122	0.071995
3.191504	-6.943995	0.118541	0.013365
4.233691	-7.001177	0.442561	0.030120
5.314304	-6.975373	0.192885	0.014069
6.416577	-7.039811	0.333005	0.035038
7.463900	-6.949925	0.263299	0.035367
8.504025	-7.008902	0.219220	0.005935
9.024736	-6.120799	-0.031986	0.010415
10.016572	-6.167839	-0.042676	0.004684
11.061863	-6.150298	0.302864	0.029972
12.178894	-6.156095	0.202647	0.026935
13.351145	-6.120490	0.258806	0.014053
14.435255	-6.113973	0.170672	0.031489
15.482500	-6.026851	0.056929	0.014903
-15.540099	-5.910918	0.225287	0.012798
-14.492174	-5.906487	0.196900	0.021595
-13.343626	-5.872764	0.140736	0.038943
-12.287048	-5.972067	0.309211	0.017602
-11.213948	-6.059730	0.086711	0.029350
-10.219786	-6.083690	0.123638	0.019203
-9.085002	-6.041456	-0.080955	0.013402
-8.001383	-6.116795	0.158675	0.006379
-7.001081	-6.162569	-0.254153	0.044874
-5.892702	-6.095944	-0.299606	0.017572
-4.867108	-6.033733	-0.007761	0.031070
-3.793755	-6.022413	-0.080186	0.022933
-2.807450	-6.098736	0.335098	0.030853
-1.652446	-6.144700	0.060178	0.055910
-0.594417	-6.024375	-0.165812	0.030092
0.429693	-6.111012	0.108513	0.018091
1.577483	-6.121650	0.259701	0.027203
2.702582	-6.056125	0.112242	0.040467
3.767908	-6.051277	0.230287	0.031034
4.737375	-6.137815	0.026317	0.024715
5.854802	-6.166945	0.101672	0.004464
6.984099	-6.202205	0.175307	0.033161
8.035775	-6.137883	0.420288	0.020080
9.482598	-5.295393	-0.108917	0.016323
10.502211	-5.290731	0.071504	0.029966
11.714032	-5.338863	0.122033	0.038306
12.749521	-5.336564	-0.003580	0.015036
13.819906	-5.271375	0.155750	0.016925
14.931969	-5.186331	0.078864	0.021697
16.014462	-5.043479	0.111650	0.051343
-15.010668	-5.059650	0.390361	0.008578
-13.912373	-5.156585	0.339920	0.048185
-12.795872	-5.040015	0.132650	0.094507
-11.707417	-5.178286	0.046359	0.018329
-10.690177	-5.198170	0.012132	0.006886
-9.596723	-5.199689	-0.066054	0.007257
-8.494733	-5.160463	-0.006743	0.022663
-7.422904	-5.264531	-0.163727	0.021559
-6.459886	-5.328594	-0.055705	0.039517
-5.468953	-5.301012	0.169549	0.062848
-4.294554	-5.197606	0.195595	0.023529
-3.192374	-5.220281	0.171911	0.031834
-2.153008	-5.277446	-0.024023	0.044309
-1.120868	-5.144391	0.018833	0.051392
-0.035580	-5.208325	0.233437	0.011245
0.981382	-5.297407	0.074323	0.035108
2.131368	-5.249218	0.132092	0.022308
3.196375	-5.097910	0.394622	0.150272
4.192179	-5.235511	0.041197	0.040988
5.334620	-5.333419	0.110944	0.022892
6.442362	-5.307642	0.150374	0.025368
7.433658	-5.308725	0.037597	0.022410
8.563778	-5.265318	0.206363	0.043580
8.998302	-4.336036	0.117509	0.027933
10.000346	-4.409947	-0.187614	0.014457
11.101975	-4.439688	0.034654	0.015354
12.259886	-4.472473	0.035705	0.036587
13.271422	-4.490479	0.023675	0.025741
14.396314	-4.490823	0.076216	0.061252
15.453024	-4.378404	-0.088271	0.035802
-15.529143	-4.229504	0.223310	0.029404
-14.481651	-4.290360	0.127555	0.025343
-13.484894	-4.361494	0.255843	0.156792
-12.279853	-4.357725	-0.067262	0.029882
-11.158551	-4.343617	0.182427	0.017702
-10.178663	-4.323129	-0.098828	0.035977
-8.979556	-4.307079	-0.107906	0.035186
-7.955999	-4.365917	-0.247370	0.012893
-6.935419	-4.356232	0.018771	0.013377
-5.935705	-4.395363	0.160147	0.016626
-4.880552	-4.440320	0.151904	0.022556
-3.773830	-4.442804	0.010689	0.019660
-2.673025	-4.388488	-0.209750	0.026205
-1.636679	-4.290380	-0.163091	0.066345
-0.589426	-4.388198	-0.123487	0.010525
0.543129	-4.419309	-0.101713	0.011332
1.598588	-4.450187	-0.067493	0.012836
2.619445	-4.479069	-0.342480	0.033150
3.713282	-4.450269	-0.106272	0.035609
4.787086	-4.443039	-0.054873	0.025051
5.800965	-4.470881	-0.039822	0.022425
6.925978	-4.384266	-0.161257	0.031505
7.953057	-4.419849	0.084924	0.018938
9.499732	-3.470253	-0.058426	0.011932
10.481968	-3.460164	-0.035334	0.068606
11.599431	-3.625326	0.139525	0.058049
12.701956	-3.539068	-0.112394	0.043973
13.765936	-3.561797	0.132292	0.047777
14.939471	-3.518343	0.061511	0.016535
15.993986	-3.411371	0.159305	0.050333
-14.995028	-3.433705	-0.077187	0.024156
-13.800510	-3.524605	-0.090539	0.080379
-12.750213	-3.588373	0.187213	0.056438
-11.630851	-3.571793	0.211887	0.066043
-10.667680	-3.497034	0.362110	0.013454
-9.556565	-3.437982	0.051085	0.038928
-8.499232	-3.482852	-0.189659	0.013683
-7.491208	-3.450211	0.041763	0.026248
-6.483606	-3.529586	-0.082185	0.019585
-5.404191	-3.608699	-0.016054	0.023850
-4.394569	-3.527829	-0.076494	0.066011
-3.283101	-3.602928	-0.195994	0.029665
-2.272155	-3.572737	-0.070769	0.056731
-1.128137	-3.519763	-0.225722	0.023674
0.012127	-3.599170	0.078149	0.012675
1.105089	-3.581112	0.167737	0.049007
2.111174	-3.672738	-0.252292	0.040608
3.125309	-3.636270	0.033204	0.006686
4.195329	-3.583306	0.032656	0.012803
5.194121	-3.588299	0.010160	0.065909
6.359486	-3.621073	0.002992	0.023140
7.473491	-3.518989	-0.085406	0.043221
8.438392	-3.491936	-0.002036	0.007437
8.938708	-2.601830	-0.068330	0.023427
9.990557	-2.642551	-0.051931	0.011423
11.084123	-2.666877	-0.066079	0.012875
12.191758	-2.713422	0.027311	0.023800
13.374005	-2.650387	-0.101096	0.082086
14.396766	-2.655508	-0.150237	0.020657
15.426751	-2.610781	0.041297	0.035539
-15.554062	-2.723189	0.277612	0.030622
-14.438656	-2.702065	0.132630	0.016780
-13.284834	-2.707620	0.237833	0.020365
-12.189716	-2.610772	0.249471	0.092827
-11.188458	-2.685247	0.057045	0.013839
-10.151772	-2.645337	-0.078454	0.014743
-9.114200	-2.704602	-0.019005	0.049246
-7.996938	-2.640834	0.063437	0.015057
-6.897816	-2.606813	0.020195	0.037423
-5.957458	-2.703722	0.032004	0.031602
-4.850249	-2.743308	0.017057	0.009450
-3.737632	-2.758295	0.053655	0.028001
-2.732213	-2.728458	0.063346	0.009967
-1.655444	-2.783709	0.055417	0.028231
-0.592652	-2.766900	0.048490	0.018882
0.552300	-2.755219	0.018757	0.044954
1.420353	-2.786268	-0.164116	0.135722
2.595349	-2.778964	-0.100536	0.016206
3.662723	-2.758472	0.000004	0.012020
4.726058	-2.796678	-0.024768	0.020714
5.872864	-2.773055	0.052272	0.060423
6.864249	-2.770054	0.116011	0.018056
7.887646	-2.647463	-0.099594	0.016965
9.547121	-1.826333	0.203355	0.023067
10.583328	-1.810649	-0.063701	0.008239
11.713310	-1.762997	-0.136510	0.061792
12.730267	-1.831047	0.167866	0.022241
13.805415	-1.804873	-0.043942	0.018422
14.907207	-1.821334	0.158292	0.013100
15.984913	-1.860739	0.357982	0.013082
-14.925401	-1.921215	0.510547	0.055568
-13.877669	-1.914440	0.232519	0.029322
-12.795567	-1.926050	0.448678	0.046420
-11.700984	-1.875048	0.198713	0.017077
-10.699630	-1.867968	0.048025	0.027154
-9.649469	-1.751358	-0.203052	0.038475
-8.631065	-1.787207	-0.077111	0.069472
-7.410110	-1.816217	-0.041944	0.023468
-6.375463	-1.777020	0.213912	0.037009
-5.343617	-1.920355	0.071453	0.029544
-4.275346	-1.937451	0.134326	0.021627
-3.217004	-1.864473	0.123541	0.014151
-2.166582	-1.932654	0.197979	0.017206
-1.141208	-1.860855	0.057087	0.032850
-0.008172	-1.915117	0.097821	0.016171
1.022316	-1.885526	0.086870	0.021889
2.020369	-1.925148	0.069520	0.017206
3.033328	-1.879130	-0.040567	0.034076
4.127799	-1.930711	0.120181	0.016944
5.269392	-1.930391	0.220463	0.019037
6.268486	-1.920868	0.189804	0.023790
7.337457	-1.910858	0.057290	0.015470
8.402402	-1.834456	0.003158	0.008864
8.964384	-1.034522	0.166926	0.015201
10.079250	-0.959307	0.241590	0.017484
11.136522	-0.991808	0.222100	0.019435
12.172391	-1.019492	0.260066	0.023600
13.219421	-1.071774	0.301998	0.028066
14.335868	-1.060275	0.052442	0.036854
15.411065	-0.935020	0.221139	0.043195
-15.557967	-1.057211	0.261611	0.038446
-14.454064	-0.964214	0.209752	0.072789
-13.301263	-0.980390	0.196886	0.059344
-12.253869	-1.058692	0.021848	0.015215
-11.177782	-1.002957	0.176931	0.006860
-10.080839	-0.963539	0.218370	0.038189
-9.032771	-0.877205	-0.054572	0.068276
-7.981293	-0.974264	-0.008203	0.017500
-6.852344	-0.976796	0.178406	0.030939
-5.735873	-1.029479	-0.035342	0.108880
-4.729544	-0.998328	0.107091	0.056141
-3.685082	-1.032224	0.218566	0.024784
-2.642801	-1.020203	0.176559	0.021158
-1.639543	-1.091159	-0.082368	0.036694
-0.563271	-1.049149	0.066055	0.015619
0.490365	-1.000808	0.133804	0.024947
1.497637	-1.099970	-0.340352	0.024093
2.557659	-1.031667	-0.132138	0.012437
3.627539	-1.027507	0.202355	0.009698
4.710213	-1.107449	0.171794	0.026462
5.749541	-0.992496	0.192886	0.055531
6.832397	-1.051157	0.270072	0.007974
7.901041	-1.074464	0.299165	0.014512
9.506178	-0.213713	0.332074	0.069226
10.653916	-0.119889	0.391422	0.047603
11.691934	-0.074577	0.311419	0.043593
12.745863	-0.207738	0.226838	0.020784
13.786260	-0.215156	0.014163	0.016752
14.903414	-0.093006	0.078758	0.029804
15.997288	-0.100231	0.020234	0.029278
-15.060954	-0.239290	-0.135428	0.079293
-13.892025	-0.267242	-0.073706	0.064118
-12.807496	-0.217726	-0.143248	0.019336
-11.668875	-0.171750	-0.136175	0.046371
-10.609995	-0.179836	-0.233621	0.049125
-9.684425	-0.095283	0.137031	0.055832
-8.514653	-0.108844	0.163997	0.034944
-7.445858	-0.192442	0.070744	0.062318
-6.450406	-0.170060	0.271839	0.028384
-5.375018	-0.181791	0.181955	0.021582
-4.246385	-0.245674	-0.026455	0.057141
-3.250539	-0.157888	0.055156	0.021300
-2.133520	-0.109468	0.162872	0.052555
-1.178116	-0.197454	0.089901	0.051784
-0.114563	-0.203827	0.147852	0.042390
0.964275	-0.172686	0.198814	0.030266
1.991135	-0.263692	-0.141977	0.046650
3.127508	-0.205818	-0.052955	0.017966
4.194845	-0.244388	0.114078	0.011721
5.261489	-0.206210	0.189296	0.012500
6.341689	-0.258246	0.188702	0.050061
7.373591	-0.191960	0.237882	0.009880
8.487488	-0.164000	0.396031	0.044209
8.875780	0.803343	0.190403	0.227710
10.024653	0.547019	-0.003001	0.168023
11.101272	0.707959	0.161184	0.036222
12.203531	0.736200	0.102530	0.019883
13.224898	0.675207	-0.018556	0.015556
14.318335	0.712726	-0.164115	0.019264
15.489033	0.689256	-0.103668	0.013611
-15.474510	0.732617	-0.105789	0.097630
-14.579541	0.653425	-0.014315	0.067484
-13.449448	0.647662	-0.077247	0.013196
-12.340337	0.681323	0.059815	0.013602
-11.293688	0.648191	-0.068708	0.034603
-10.208548	0.714531	-0.023872	0.028236
-9.136230	0.730777	-0.006088	0.019598
-8.130485	0.787428	0.014323	0.076576
-7.019314	0.785014	0.209454	0.055383
-5.978424	0.675752	0.023124	0.035054
-4.839045	0.644350	0.114169	0.031243
-3.782795	0.752993	-0.125167	0.025616
-2.727444	0.702317	0.112132	0.019527
-1.566331	0.681127	0.032084	0.072563
-0.557777	0.635617	0.061808	0.027954
0.552986	0.706138	-0.074055	0.041385
1.584304	0.653693	-0.089948	0.035297
2.525850	0.592030	-0.166899	0.077532
3.601781	0.639308	0.030907	0.037284
4.734322	0.585213	-0.038744	0.050168
5.797709	0.638090	0.094646	0.041297
6.789655	0.697227	0.324810	0.028055
7.899471	0.662588	0.272177	0.027469
9.577019	1.510998	-0.159583	0.049765
10.652252	1.444062	0.063698	0.048285
11.720420	1.550848	0.190839	0.029388
12.744544	1.549159	-0.042832	0.006193
13.797940	1.538471	-0.133219	0.006012
14.900012	1.501140	-0.205642	0.026524
15.997928	1.536423	-0.216508	0.017979
-15.058555	1.565310	0.140618	0.043967
-14.014480	1.443357	0.170424	0.036003
-12.920999	1.521698	0.170010	0.010462
-11.808606	1.534379	-0.180001	0.015800
-10.775544	1.534752	-0.050385	0.029454
-9.600510	1.519263	-0.062668	0.032265
-8.590690	1.605120	0.034097	0.008358
-7.512918	1.630125	0.103189	0.008425
-6.395355	1.575168	0.101711	0.036217
-5.432680	1.558983	0.232479	0.023598
-4.409670	1.615220	0.106762	0.048073
-3.360039	1.652040	0.082245	0.073874
-2.266587	1.512801	0.008335	0.069356
-1.124260	1.537344	0.125670	0.013951
0.014443	1.559722	-0.040612	0.028493
1.036064	1.517987	0.018568	0.023795
2.139376	1.626372	-0.148487	0.150199
3.105559	1.366047	-0.056459	0.100701
4.172704	1.360197	-0.132202	0.093363
5.069699	1.516216	0.106436	0.084169
6.192611	1.600124	-0.092145	0.058238
7.327825	1.502787	0.059542	0.020588
8.367307	1.531449	-0.200542	0.040836
9.005440	2.377907	-0.206332	0.036994
10.117275	2.333793	0.088723	0.016886
11.116036	2.262773	-0.045708	0.055975
12.225406	2.348998	-0.164870	0.014494
13.264902	2.423080	-0.016795	0.025158
14.406987	2.411041	-0.175408	0.008677
15.459163	2.457043	-0.161587	0.043517
-15.667146	2.356585	0.104639	0.082999
-14.464900	2.350958	0.166172	0.054557
-13.491286	2.259994	0.139942	0.040368
-12.415441	2.324752	0.204763	0.012201
-11.305035	2.453775	0.116748	0.085345
-10.138622	2.314220	0.123818	0.064718
-9.119114	2.374346	0.381928	0.005121
-8.064901	2.458070	0.337375	0.008404
-6.960623	2.446592	0.388311	0.004142
-5.911112	2.423035	0.120283	0.006915
-4.895494	2.359753	0.085945	0.053910
-3.774968	2.499527	0.143701	0.058629
-2.710442	2.480288	0.120817	0.043410
-1.664649	2.394759	0.228936	0.030262
-0.639591	2.392044	0.011944	0.019748
0.475773	2.388023	-0.001017	0.012288
1.565687	2.452456	0.066051	0.034081
2.604260	2.361506	-0.033670	0.030598
3.639158	2.306737	0.184341	0.019893
4.545425	2.291048	-0.085471	0.057498
5.593015	2.327671	-0.104700	0.037494
6.669921	2.397001	-0.148930	0.053505
7.851461	2.336605	-0.274282	0.025034
9.484382	3.160488	-0.118355	0.019531
10.590630	3.152213	0.070692	0.014482
11.664778	3.225078	-0.001263	0.028592
12.764278	3.184678	-0.210067	0.015853
13.907407	3.262512	-0.228117	0.024013
14.982472	3.275124	-0.358609	0.009782
16.041413	3.216791	-0.157607	0.014579
-15.030322	3.221426	-0.221451	0.021625
-14.030376	3.188692	0.117725	0.012828
-13.041188	3.126611	-0.084756	0.065872
-11.944285	3.255556	0.333586	0.108510
-10.790213	3.124209	0.359885	0.101779
-9.651993	3.226593	0.349361	0.027179
-8.633022	3.252394	0.292519	0.017291
-7.489230	3.308262	0.324577	0.036171
-6.449198	3.252457	0.142117	0.020985
-5.441747	3.277742	-0.121885	0.004807
-4.402003	3.295197	0.067226	0.010766
-3.337590	3.362484	0.004031	0.024593
-2.220585	3.418918	0.047246	0.078094
-1.213677	3.294179	0.249831	0.036281
-0.049384	3.245750	0.009076	0.019681
0.952408	3.207964	-0.253649	0.031869
2.054295	3.238299	-0.081896	0.017643
3.062775	3.294059	0.228104	0.074477
4.130887	3.189382	0.011170	0.018683
5.154268	3.217180	-0.204859	0.007029
6.237095	3.199499	0.140104	0.018611
7.263551	3.204978	-0.155808	0.013173
8.298689	3.137056	-0.208453	0.082687
8.979333	4.015374	-0.077429	0.019429
9.997770	3.992855	0.107068	0.052411
11.148587	4.033294	-0.059197	0.019348
12.233312	3.996316	-0.058786	0.026654
13.273054	4.040609	0.011922	0.032497
14.445379	4.082803	-0.160749	0.020519
15.556486	4.042542	0.179069	0.052862
-15.546972	4.039356	-0.068289	0.011890
-14.552073	4.075106	0.088329	0.016621
-13.455443	4.026059	-0.161340	0.014290
-12.421449	4.011733	-0.148529	0.029547
-11.282757	3.901304	0.132919	0.190176
-10.244989	4.132224	0.258356	0.075542
-9.290102	4.142961	0.222271	0.085441
-8.135341	4.127053	0.206134	0.022225
-7.091704	4.123559	0.041668	0.038961
-6.017023	4.170110	-0.057382	0.026835
-4.976290	4.131568	-0.058848	0.007131
-3.905722	4.127676	-0.053067	0.014608
-2.767469	4.146545	-0.040066	0.034647
-1.682875	4.216073	-0.221611	0.035680
-0.620187	4.113569	-0.175937	0.012151
0.446136	4.100829	0.015776	0.005567
1.523307	4.108176	-0.171701	0.017128
2.596719	4.024776	-0.038337	0.017713
3.649723	4.069793	-0.157551	0.014625
4.698785	4.063256	-0.225956	0.007675
5.730537	4.076530	0.116167	0.007905
6.736961	4.046872	0.023418	0.020797
7.829788	4.005293	-0.193961	0.012593
9.585505	4.922240	-0.109916	0.027018
10.622072	4.997043	0.027545	0.070010
11.695941	4.886129	0.164790	0.019864
12.764493	4.958088	-0.191196	0.040780
13.858044	4.853358	-0.102445	0.030484
14.874808	4.923243	-0.060424	0.064682
15.921631	4.878350	-0.177388	0.049036
-15.082829	4.879799	0.000580	0.013345
-13.999606	4.872473	-0.009291	0.010863
-12.925309	4.852038	-0.348593	0.008792
-11.879652	4.779362	-0.027146	0.061446
-10.965017	4.865391	0.100782	0.157609
-9.761189	5.081955	0.077220	0.121082
-8.643288	4.963022	-0.030490	0.045412
-7.607819	5.052136	-0.169693	0.036327
-6.487189	5.010932	-0.173949	0.031661
-5.468043	4.965176	-0.037575	0.011266
-4.477581	4.946995	-0.101645	0.033834
-3.348015	5.054197	-0.119076	0.030853
-2.317135	5.047118	-0.143665	0.079256
-1.128493	5.020388	-0.103077	0.033859
-0.126116	4.954080	-0.378281	0.032503
0.994098	4.997663	0.012550	0.044742
2.059064	4.854007	0.254575	0.032254
3.114812	4.827735	0.070318	0.036181
4.231810	4.834118	0.038794	0.019261
5.213417	4.891997	-0.169050	0.019176
6.302581	4.877936	-0.003526	0.022672
7.388864	4.866456	-0.008399	0.015653
8.511795	4.814174	0.082695	0.038272
9.084242	5.765322	0.311848	0.020234
10.102448	5.737824	0.339641	0.035969
11.169439	5.807656	0.214259	0.021552
12.291023	5.772544	0.069822	0.025838
13.338422	5.736535	0.239512	0.014049
14.389053	5.675330	0.162419	0.023693
15.522286	5.721270	0.106461	0.087758
-15.687237	5.669115	-0.256685	0.046164
-14.574734	5.590915	-0.203776	0.065232
-13.504003	5.661079	-0.097280	0.010885
-12.462095	5.648601	-0.212837	0.035757
-11.444219	5.783749	0.311417	0.059554
-10.302473	5.797693	-0.026582	0.021126
-9.182670	5.838241	-0.276294	0.029485
-8.176417	5.856984	-0.009276	0.026536
-7.063520	5.812815	-0.090978	0.021840
-6.047072	5.861077	-0.048204	0.032260
-4.945665	5.812252	-0.224992	0.016329
-3.871830	5.845289	-0.239358	0.017603
-2.799828	5.843330	-0.067677	0.020105
-1.588302	5.777188	-0.139424	0.117114
-0.532521	5.769746	0.032835	0.066186
0.459929	5.783581	-0.242300	0.020527
1.553889	5.693713	-0.082232	0.030006
2.742048	5.727700	-0.027358	0.067333
3.746570	5.689799	0.157755	0.012813
4.774782	5.675292	-0.014399	0.022570
5.836675	5.674732	0.046003	0.052855
6.879959	5.847733	-0.199011	0.094842
7.976062	5.714277	0.023691	0.023599
9.599649	6.662035	0.288280	0.017708
10.728054	6.662349	0.172873	0.052558
11.699103	6.695808	0.170997	0.028743
12.775074	6.693352	0.071307	0.053857
13.813460	6.530036	0.282687	0.038048
14.898121	6.556905	0.242908	0.018640
15.940063	6.514762	0.195553	0.024675
-15.166188	6.553502	0.024950	0.040667
-14.050845	6.516675	0.045374	0.013352
-12.949102	6.510563	0.160434	0.011216
-11.899846	6.608200	-0.024798	0.016961
-10.840340	6.593595	-0.152687	0.010748
-9.740073	6.619448	-0.262535	0.018711
-8.694261	6.759972	-0.119311	0.049073
-7.567566	6.686067	-0.225672	0.020016
-6.567842	6.684861	-0.100856	0.020797
-5.437474	6.628748	-0.194653	0.009748
-4.407605	6.550502	-0.316215	0.030352
-3.334044	6.631883	-0.283178	0.020531
-2.189043	6.554729	-0.357780	0.097063
-1.155290	6.778590	-0.073029	0.158759
-0.060625	6.601730	-0.108803	0.038403
1.085930	6.541204	0.158250	0.031933
2.142615	6.538843	0.108329	0.011477
3.236838	6.599001	0.143990	0.017618
4.255324	6.591102	0.081840	0.004557
5.241565	6.598724	0.096606	0.022305
6.355462	6.571846	-0.036992	0.036101
7.443568	6.657516	0.096584	0.033144
8.473951	6.608838	0.204428	0.015393
8.981824	7.526034	0.117554	0.021315
10.131230	7.474320	0.304697	0.017900
11.144840	7.494781	0.141301	0.012172
12.253631	7.467410	0.185375	0.007995
13.371337	7.447417	0.218049	0.039190
14.388425	7.393436	-0.002723	0.011228
15.469157	7.332633	-0.090643	0.013806
-15.574112	7.401647	-0.288107	0.018460
-14.538962	7.412016	-0.034557	0.016145
-13.476615	7.317762	0.011177	0.035782
-12.424821	7.406566	0.036093	0.004222
-11.376553	7.473590	0.071967	0.013621
-10.329906	7.447423	0.016832	0.018572
-9.254536	7.546661	0.062197	0.021659
-8.119471	7.535577	0.006364	0.010521
-7.074126	7.552075	0.021367	0.030332
-5.954751	7.485402	-0.073847	0.015111
-4.908543	7.389418	-0.059874	0.015004
-3.839444	7.399496	0.161928	0.012208
-2.765675	7.343786	0.114402	0.079320
-1.770724	7.493739	0.001043	0.097368
-0.580271	7.575347	0.069082	0.092665
0.585832	7.428521	0.168201	0.057966
1.542219	7.410744	-0.027797	0.039260
2.671806	7.377610	-0.054333	0.024881
3.697247	7.500776	-0.321936	0.038494
4.735976	7.442620	-0.364348	0.008947
5.717957	7.414825	-0.124020	0.048743
6.792644	7.535979	-0.092705	0.029901
7.912466	7.540905	0.106471	0.015765
9.536657	8.292264	0.202457	0.027238
10.587057	8.347880	-0.000407	0.012944
11.640971	8.302955	-0.056011	0.028571
12.753148	8.254279	0.152856	0.031581
13.832545	8.217622	0.146693	0.021818
14.950557	8.156392	0.101559	0.021267
15.989194	8.169442	0.096194	0.013249
-15.023100	8.195501	-0.006914	0.004198
-13.940124	8.250854	-0.002613	0.019959
-12.925077	8.251063	0.096168	0.010051
-11.841315	8.272566	0.210327	0.003685
-10.784862	8.297231	0.222118	0.005610
-9.788738	8.326879	-0.134753	0.023421
-8.686101	8.342917	0.168017	0.005622
-7.579022	8.277555	0.318812	0.013768
-6.505032	8.281065	0.495478	0.015332
-5.457966	8.301583	0.231714	0.016103
-4.379903	8.249262	0.139632	0.029890
-3.259299	8.289819	0.393898	0.049884
-2.225687	8.313565	0.049788	0.037193
-1.103178	8.211948	-0.097151	0.069379
0.023156	8.267330	0.191734	0.048626
1.024883	8.179834	-0.205073	0.041049
2.146065	8.220479	-0.271652	0.019444
3.131190	8.261013	-0.365153	0.026975
4.212474	8.272701	-0.243271	0.016136
5.265535	8.340013	-0.121714	0.033145
6.251204	8.369029	0.023461	0.021758
7.392936	8.448335	-0.062143	0.054856
8.415918	8.324131	0.076482	0.052657
9.046899	9.213362	-0.077048	0.022773
10.053452	9.180076	-0.061991	0.017234
11.124628	9.134753	-0.072352	0.024164
12.303357	9.193080	-0.055913	0.048243
13.353524	9.117172	0.046277	0.010407
14.447997	9.046750	0.107165	0.026200
15.468414	9.070979	-0.136040	0.022511
-15.560804	8.956357	0.012760	0.048306
-14.476918	9.045175	0.217184	0.007915
-13.386274	9.078951	-0.001537	0.007944
-12.301718	9.147893	0.257819	0.010774
-11.249396	9.125503	0.101308	0.012532
-10.199113	9.200236	0.181424	0.020748
-9.219400	9.109334	-0.127903	0.045995
-8.114158	9.137901	0.231722	0.025390
-7.003171	9.053038	0.106957	0.052156
-5.972567	9.166812	0.081320	0.047612
-4.883294	9.046512	-0.206411	0.018811
-3.731979	8.940408	-0.284200	0.180306
-2.687977	9.142112	0.043074	0.042184
-1.698132	9.120465	-0.280085	0.026994
-0.618627	8.962058	-0.240569	0.095569
0.527862	9.074180	-0.204786	0.027463
1.566390	9.069527	-0.070479	0.018590
2.721506	9.077842	0.039426	0.119598
3.587239	9.140560	-0.135323	0.068546
4.673438	9.096956	0.103294	0.043477
5.691219	9.262095	0.072526	0.074018
6.825974	9.230494	-0.029491	0.013522
8.055309	9.217114	-0.266351	0.088612
9.626339	10.049189	0.100870	0.033175
10.676195	10.017336	-0.051193	0.005326
11.725342	9.996272	0.085062	0.011952
12.811190	10.029334	-0.051393	0.013429
13.857074	10.021355	0.190816	0.049627
14.949479	9.895181	0.248249	0.026076
16.002387	9.861760	-0.010809	0.028612
-14.975140	9.911791	0.041761	0.003347
-13.890057	9.960056	0.063186	0.002201
-12.826500	9.970080	0.257119	0.008147
-11.742299	10.043720	0.149340	0.017808
-10.634231	10.047117	0.035290	0.025161
-9.653477	10.033424	0.110857	0.024937
-8.515539	9.915548	0.131228	0.061236
-7.446029	9.981011	0.285874	0.043251
-6.363290	9.992101	0.217300	0.080984
-5.454856	9.948924	-0.084273	0.024918
-4.396898	9.856347	-0.148019	0.043976
-3.287641	9.954830	-0.040756	0.019230
-2.194338	10.032142	-0.178751	0.052653
-1.110210	9.859522	-0.079040	0.053224
-0.066871	9.904645	0.045715	0.018853
1.089811	9.915411	-0.047095	0.038603
2.074157	9.864412	0.039455	0.084456
3.107622	10.135208	0.070535	0.248213
4.177342	9.989684	-0.020545	0.037205
5.215300	9.974489	-0.102596	0.030311
6.310064	10.054946	-0.027843	0.015396
7.467645	10.024348	0.154024	0.033545
8.500396	10.013711	-0.035827	0.010195
8.976086	10.856401	-0.003376	0.045052
10.221779	10.875385	0.058409	0.065878
11.246312	10.785017	-0.088468	0.040645
12.335322	10.818692	0.041237	0.017145
13.370141	10.877296	0.341190	0.025979
14.553799	10.805671	0.249089	0.092172
15.545542	10.688839	-0.003862	0.054648
-15.472415	10.808593	0.128604	0.018143
-14.413839	10.818498	0.271227	0.013282
-13.299479	10.880228	0.101901	0.034312
-12.255873	10.895192	0.054202	0.014980
-11.165231	10.820983	-0.199385	0.045573
-10.085026	10.935360	-0.059514	0.047271
-8.997207	10.854131	0.020934	0.029245
-8.023563	10.758589	-0.078489	0.051140
-6.974123	10.884724	0.011674	0.042183
-5.948452	10.779317	-0.003413	0.029476
-4.888783	10.745816	-0.033614	0.027482
-3.962460	10.766184	-0.078432	0.069306
-2.767535	10.813964	0.007658	0.013150
-1.682242	10.799879	0.009522	0.016875
-0.540276	10.812304	-0.013910	0.032094
0.508644	10.808217	0.137698	0.024768
1.492184	10.775792	0.184673	0.038067
2.573085	10.755141	-0.061204	0.045070
3.558020	10.801563	-0.280428	0.071315
4.599751	10.819192	-0.078904	0.063623
5.757789	10.887156	-0.274310	0.031632
6.906890	10.797384	0.063205	0.030612
7.889156	10.807341	-0.096110	0.054244
9.571708	11.672737	0.027945	0.032301
10.704109	11.780846	-0.036886	0.107858
11.760406	11.643651	0.060719	0.035496
12.855398	11.741109	0.042906	0.040346
13.877098	11.692379	0.264555	0.048833
14.995364	11.597853	0.136583	0.022808
-16.030502	11.636114	0.086585	0.005905
-14.965740	11.744322	0.061978	0.026658
-13.962220	11.714904	0.005530	0.065253
-12.779897	11.700749	-0.172478	0.011657
-11.667044	11.757459	-0.129436	0.041599
-10.691217	11.711085	-0.111194	0.027955
-9.548934	11.730370	0.066288	0.018899
-8.509562	11.725556	-0.009251	0.020789
-7.522663	11.647066	-0.053701	0.046850
-6.451089	11.770327	-0.033070	0.065701
-5.461353	11.665632	0.143478	0.022798
-4.439593	11.597381	0.225811	0.022870
-3.380964	11.675041	0.108748	0.032450
-2.223365	11.632022	-0.024501	0.007684
-1.118938	11.614277	0.274030	0.010911
-0.088093	11.652203	0.085360	0.037821
1.057267	11.582498	-0.172491	0.053605
2.056547	11.562616	-0.087969	0.020474
3.107748	11.661005	-0.188588	0.013853
4.149533	11.752068	-0.255188	0.059048
5.276601	11.719404	-0.163958	0.018447
6.404882	11.660848	-0.004405	0.007794
7.491778	11.625520	-0.047630	0.022468
8.525410	11.641030	0.091684	0.019608
9.045241	12.554993	0.187545	0.014942
10.030618	12.555907	0.032089	0.121663
11.185087	12.420210	0.074996	0.095496
12.331001	12.443623	0.084741	0.063501
13.452860	12.684105	0.095063	0.198464
14.470420	12.536534	0.116618	0.022765
15.495725	12.433473	0.147763	0.053332
-15.487783	12.568596	0.022051	0.035111
-14.360778	12.609906	0.134734	0.074055
-13.378188	12.547310	-0.204467	0.020568
-12.251296	12.549346	-0.284002	0.008948
-11.199823	12.535367	-0.364109	0.008433
-10.221270	12.557014	0.054729	0.061319
-9.000106	12.558314	0.176335	0.022285
-7.918195	12.534622	-0.015262	0.034064
-6.957900	12.503572	0.006464	0.040905
-5.872685	12.689392	0.105641	0.160292
-4.908280	12.512384	0.132185	0.015049
-3.899745	12.457425	-0.145278	0.008392
-2.839210	12.431443	-0.072736	0.035296
-1.625293	12.458473	0.084583	0.024928
-0.530365	12.475446	0.102143	0.056474
0.386495	12.390600	0.021248	0.062732
1.463369	12.411842	0.012070	0.012752
2.557465	12.416216	0.192016	0.020537
3.578326	12.570637	-0.071864	0.081046
4.791646	12.466425	-0.025025	0.078803
5.886015	12.542070	0.004927	0.036091
6.951772	12.464441	0.229054	0.024846
8.002900	12.538400	0.114005	0.011753
9.628359	13.539594	-0.079153	0.130942
10.752765	13.396875	0.040858	0.047349
11.765071	13.333028	0.065717	0.020156
12.792342	13.381504	0.087916	0.056554
13.974867	13.351293	0.111285	0.075828
14.938268	13.376911	0.138912	0.013921
15.945772	13.395829	-0.090571	0.041006
-15.006900	13.327616	-0.055694	0.033199
-13.887174	13.406577	-0.155525	0.024154
-12.808732	13.368084	-0.368191	0.014133
-11.788276	13.325033	-0.139362	0.011349
-10.702754	13.347137	-0.084689	0.012708
-9.602543	13.349462	-0.147279	0.018143
-8.484857	13.404238	-0.202774	0.020822
-7.472172	13.353546	-0.037051	0.013929
-6.387977	13.397020	0.079784	0.037450
-5.366548	13.379983	-0.166000	0.028344
-4.384583	13.264574	-0.214944	0.033333
-3.365133	13.277927	-0.426071	0.025246
-2.245811	13.363123	-0.068315	0.055131
-1.101182	13.245661	-0.250919	0.070222
-0.143084	13.317009	-0.160071	0.050422
0.910461	13.324447	-0.000017	0.047501
1.967201	13.243573	0.215593	0.061897
3.049712	13.344927	-0.003498	0.036674
4.102000	13.269051	0.032289	0.097108
5.270158	13.370833	0.165073	0.037452
6.327939	13.310845	0.326864	0.062415
7.540419	13.349010	0.141438	0.032101
8.574395	13.383523	-0.066864	0.017278
9.113941	14.315584	0.067250	0.053035
10.218774	14.201750	0.194628	0.025484
11.309350	14.173549	-0.002411	0.059565
12.313275	14.158143	0.169097	0.053326
13.304285	14.194086	0.052236	0.030181
14.344200	14.213704	0.157458	0.024034
15.381562	14.194909	0.045496	0.029653
-15.611882	14.221309	-0.154328	0.017438
-14.438538	14.133550	0.023160	0.040116
-13.391324	14.261249	-0.142489	0.068422
-12.354729	14.131568	0.171178	0.023616
-11.230735	14.152225	0.046598	0.018900
-10.144972	14.259739	-0.102393	0.049469
-9.035626	14.158082	-0.066866	0.053721
-8.032865	14.243099	0.173182	0.028921
-7.046050	14.189802	0.007872	0.029509
-5.962872	14.206687	-0.307165	0.012440
-4.850743	14.220689	0.025066	0.043047
-3.740165	14.080502	-0.160473	0.070347
-2.774124	14.143294	-0.229230	0.021872
-1.730315	14.098847	-0.372106	0.069864
-0.695914	14.218012	-0.095591	0.083407
0.501747	14.158467	0.190829	0.040604
1.623879	14.113804	0.146007	0.110319
2.576058	14.185573	0.137563	0.025000
3.677097	14.168083	-0.047142	0.017786
4.736262	14.198553	-0.115711	0.037970
5.879918	14.163188	-0.028085	0.024705
6.998639	14.136921	0.226703	0.054667
8.017781	14.226272	0.105051	0.011268
9.640234	15.013188	-0.194465	0.030044
10.649748	14.984013	0.056590	0.015953
11.616542	14.998600	-0.038057	0.074228
12.794791	15.137734	-0.001416	0.063169
13.793371	15.097497	0.014076	0.016279
14.890966	15.165816	0.034407	0.074303
15.908829	15.024095	0.000357	0.044538
-15.037326	14.969290	-0.002365	0.015263
-13.931381	14.931313	0.178220	0.043944
-12.885981	14.980940	0.169082	0.015841
-11.855363	14.976337	-0.055041	0.013228
-10.761815	15.083930	0.107219	0.032591
-9.719273	15.024073	-0.155540	0.028711
-8.636582	14.951781	0.105863	0.064645
-7.567626	15.054507	-0.143546	0.034736
-6.506294	14.948818	0.063609	0.026133
-5.440018	14.990755	0.096445	0.007015
-4.312881	14.973398	-0.154523	0.012411
-3.223231	14.998040	-0.106264	0.019984
-2.182232	15.052410	-0.325416	0.035585
-1.144341	15.061872	-0.149537	0.029168
-0.058538	15.022644	0.096731	0.033507
0.989799	15.059911	0.015309	0.017396
2.115313	15.082987	0.134224	0.045840
3.109978	15.024454	0.200138	0.025243
4.300814	14.970952	0.080584	0.073955
5.261024	14.938174	-0.061382	0.059095
6.393522	14.993703	-0.060924	0.014464
7.415230	15.058412	-0.141765	0.046431
8.563204	15.062240	-0.145847	0.019258
9.077739	15.829411	-0.033763	0.046130
10.013631	15.885812	-0.010948	0.056407
11.077857	15.855768	0.084060	0.030345
12.140567	15.927225	0.073742	0.037026
13.225199	16.012533	-0.094938	0.039761
14.249517	15.927669	0.163773	0.077406
15.481527	15.984953	0.245176	0.065036
-15.554859	15.857338	0.072261	0.032095
-14.522965	15.835149	0.091652	0.006246
-13.460495	15.840572	-0.076428	0.017152
-12.415640	15.758786	-0.193042	0.029038
-11.324212	15.836538	-0.271580	0.007693
-10.225579	15.884096	-0.334048	0.022274
-9.147674	15.824790	0.082812	0.036642
-8.037573	15.880828	0.127440	0.085540
-7.112941	15.822857	-0.066321	0.057177
-5.959660	15.776175	-0.003712	0.025792
-4.889134	15.803300	-0.064649	0.014097
-3.836747	15.796685	0.043807	0.007209
-2.738105	15.857028	-0.281520	0.018716
-1.677107	15.816538	-0.125311	0.023119
-0.614690	15.886014	0.032629	0.021906
0.341723	15.854798	0.086491	0.047481
1.467435	15.908735	0.227988	0.006497
2.520518	15.977313	0.253086	0.052882
3.618812	15.836020	0.142552	0.039599
4.822572	15.845058	0.216964	0.044402
5.842696	15.833379	0.258694	0.010721
6.947324	15.807944	0.134863	0.034885
8.021169	15.961146	0.013958	0.062767
9.605257	-15.460420	-0.143347	0.031070
10.574461	-15.442072	-0.012116	0.017896
11.666838	-15.358552	0.147603	0.049131
12.729742	-15.456750	0.255416	0.047811
13.747027	-15.363170	0.089204	0.050523
14.916937	-15.434596	-0.021558	0.034417
15.998305	-15.445698	-0.030504	0.020225
-15.099722	-15.418167	-0.064837	0.017433
-14.040240	-15.459361	-0.119718	0.017198
-12.905852	-15.586289	0.014266	0.053848
-11.940235	-15.574249	-0.098249	0.029945
-10.808575	-15.605013	-0.220733	0.043082
-9.764033	-15.514728	-0.022286	0.016040
-8.768541	-15.520513	-0.091344	0.065526
-7.615712	-15.478253	-0.093375	0.031783
-6.479391	-15.514284	-0.138643	0.019234
-5.393584	-15.489901	-0.051665	0.045472
-4.423101	-15.564620	0.176913	0.038373
-3.397444	-15.551063	-0.170013	0.065897
-2.316211	-15.602927	0.169479	0.051313
-1.236452	-15.512156	0.016494	0.017896
-0.160208	-15.446521	0.100596	0.028026
0.890206	-15.519957	0.238793	0.024462
1.943899	-15.426441	0.220751	0.044529
3.098171	-15.444682	0.244777	0.030781
4.233131	-15.601955	0.058098	0.063170
5.332065	-15.557090	0.320050	0.013684
6.369345	-15.567060	0.083062	0.016151
7.499840	-15.468468	0.107989	0.032758
8.523033	-15.490418	0.099940	0.015637
