14.330025	-15.598221	0.001812	0.042038
15.449098	-15.573236	0.201584	0.015470
-15.555071	-15.587959	0.083714	0.020576
-14.341462	-15.588430	-0.041128	0.064181
-13.348866	-15.613836	0.198131	0.035138
-12.285056	-15.570664	0.104039	0.043719
-11.160959	-15.512322	0.113289	0.058210
-10.167413	-15.533228	0.152052	0.042434
-9.237019	-15.611512	0.033348	0.106814
-8.102878	-15.482414	0.262982	0.066943
-7.071362	-15.561205	0.239748	0.004979
-6.046358	-15.621614	0.133029	0.008977
-4.960529	-15.673742	-0.277157	0.029614
-3.815202	-15.728125	-0.340326	0.030649
-2.787600	-15.759370	-0.254668	0.034081
-1.571942	-15.855651	-0.273886	0.069774
-0.498571	-15.892714	-0.145863	0.083201
0.488255	-15.749265	0.044551	0.034186
1.476629	-15.754704	0.008547	0.030202
2.505580	-15.782329	0.177190	0.051422
3.626768	-15.821496	-0.038576	0.031913
4.654653	-15.673181	0.167012	0.094417
5.754349	-15.780563	0.248006	0.037197
6.794632	-15.793695	0.245310	0.026269
7.833474	-15.770339	0.375132	0.015183
8.978767	-15.778956	0.107399	0.016126
10.048438	-15.850746	-0.039800	0.013130
11.056739	-15.857929	0.108406	0.058322
12.186794	-15.796250	0.357409	0.039464
13.338851	-15.696279	0.139955	0.018799
14.921987	-14.827611	-0.289955	0.006901
-16.011596	-14.790427	0.017780	0.042046
-14.981718	-14.788755	0.222152	0.019959
-13.923395	-14.786711	0.270947	0.032959
-12.803817	-14.650704	0.127402	0.052545
-11.807070	-14.700044	0.123364	0.030786
-10.718986	-14.605827	0.099505	0.033259
-9.772044	-14.663292	-0.085754	0.012227
-8.765918	-14.683518	-0.034850	0.050432
-7.568810	-14.729975	-0.022567	0.036498
-6.544805	-14.807140	-0.115716	0.018162
-5.523174	-14.800689	-0.186427	0.008466
-4.449550	-14.740490	-0.242476	0.093902
-3.262372	-14.888147	-0.376518	0.019172
-2.121340	-15.007045	-0.377331	0.093316
-1.112715	-15.010123	-0.102926	0.013870
-0.112924	-14.995284	-0.035860	0.029861
1.012860	-14.975394	0.169103	0.039938
2.090102	-14.926282	0.097848	0.074284
3.062876	-15.104325	0.102019	0.140533
4.196954	-14.954406	-0.168758	0.043890
5.256577	-14.993760	0.057237	0.033978
6.313306	-14.859609	0.040320	0.071137
7.335768	-14.890425	-0.008941	0.022875
8.437835	-14.930529	0.278207	0.006042
9.503019	-15.000485	-0.099726	0.011632
10.622111	-15.058631	0.194373	0.040799
11.681623	-14.972317	0.134305	0.011177
12.758024	-14.952018	-0.150094	0.015104
13.835506	-14.919616	-0.397880	0.030949
14.364480	-14.110005	0.150137	0.022447
15.500968	-14.081654	0.114366	0.025502
-15.530370	-13.911234	0.178839	0.034473
-14.418058	-13.913978	-0.098185	0.012215
-13.391583	-13.903957	0.056992	0.011738
-12.321250	-13.814769	-0.032661	0.014488
-11.280509	-13.765529	0.047448	0.022564
-10.340981	-13.780501	-0.170989	0.031977
-9.284863	-13.852956	0.083981	0.019129
-8.198100	-13.919592	0.066543	0.046212
-7.146812	-13.911255	-0.063446	0.011047
-6.051658	-13.960930	-0.053820	0.008457
-4.964556	-13.973597	0.114715	0.028340
-3.823587	-14.041531	0.013050	0.028087
-2.711924	-14.147162	-0.300337	0.069568
-1.793526	-14.066415	-0.057551	0.136870
-0.702494	-14.078497	0.025104	0.062891
0.309041	-14.199905	0.296814	0.069483
1.431837	-14.130471	0.340557	0.024941
2.613081	-14.090191	0.244299	0.082684
3.582708	-14.234672	0.280294	0.072750
4.691512	-14.203600	0.198309	0.003661
5.794887	-14.194842	0.223509	0.011661
6.853264	-14.134698	0.235965	0.013331
7.959045	-14.087979	0.108079	0.036401
9.032076	-14.071849	-0.068201	0.043762
10.080378	-14.237685	-0.100685	0.082515
11.145285	-14.081746	-0.025369	0.054784
12.273599	-14.139006	-0.092451	0.043684
13.344662	-14.029950	-0.046541	0.090994
14.939968	-13.373143	-0.143713	0.066874
16.032089	-13.187100	-0.196032	0.020200
-14.950029	-13.078175	0.049526	0.050293
-13.955244	-13.078165	-0.205634	0.005896
-12.916882	-13.008415	-0.187475	0.011602
-11.819843	-13.011389	0.013453	0.016409
-10.794761	-12.916385	-0.369573	0.021369
-9.781334	-12.956613	-0.018132	0.011667
-8.685013	-12.931635	-0.096512	0.056745
-7.778104	-13.088977	-0.135505	0.143539
-6.644647	-13.135172	-0.070386	0.048822
-5.499206	-13.072583	-0.274751	0.059221
-4.444877	-13.303869	-0.094498	0.129000
-3.352203	-13.236062	-0.049552	0.021020
-2.231691	-13.212506	-0.160643	0.066109
-1.135680	-13.335163	0.031527	0.039252
-0.191114	-13.298462	0.293922	0.036695
0.904254	-13.397602	0.280511	0.042585
1.977515	-13.300265	0.378152	0.025968
3.130646	-13.277692	0.410727	0.078142
4.132237	-13.456473	-0.001685	0.035632
5.220393	-13.460234	-0.188629	0.011609
6.289727	-13.483928	-0.228289	0.016513
7.358229	-13.438334	-0.182429	0.041837
8.450905	-13.274848	-0.267406	0.035679
9.525271	-13.330686	-0.157738	0.030745
10.513782	-13.293622	-0.482622	0.090695
11.635044	-13.302891	-0.416703	0.027605
12.692390	-13.279420	-0.413265	0.034306
13.767433	-13.367967	-0.292186	0.057812
14.361290	-12.485060	-0.208387	0.043572
15.399473	-12.441156	-0.300773	0.019867
-15.639571	-12.391089	-0.225778	0.043705
-14.505323	-12.215357	-0.272874	0.036743
-13.463461	-12.236717	-0.077996	0.007982
-12.464233	-12.201305	0.137389	0.032299
-11.304252	-12.168226	0.224026	0.013658
-10.231612	-12.043848	-0.069070	0.048045
-9.158470	-12.112367	0.241776	0.015264
-8.129691	-12.095645	0.075888	0.054993
-7.027385	-12.235448	0.094917	0.029121
-6.035582	-12.262038	-0.387170	0.030315
-4.958340	-12.274727	-0.053527	0.036241
-3.892241	-12.372999	-0.156523	0.018795
-2.820833	-12.438598	-0.282565	0.038755
-1.588635	-12.497393	-0.400288	0.071725
-0.605261	-12.541126	-0.071688	0.018009
0.369958	-12.524153	0.037984	0.028329
1.372018	-12.679237	-0.064236	0.166998
2.455718	-12.471303	-0.079425	0.092406
3.577215	-12.571977	-0.089566	0.018746
4.725398	-12.694759	0.218101	0.012628
5.837411	-12.788905	0.271822	0.047511
6.886049	-12.742830	0.236127	0.053715
7.848167	-12.526466	-0.027857	0.074114
8.917567	-12.574637	0.185862	0.020503
10.025362	-12.637501	0.164683	0.055291
11.136997	-12.633015	0.191616	0.062811
12.168479	-12.548333	0.052611	0.002789
13.235960	-12.513185	0.086133	0.017430
14.805792	-11.581477	-0.466675	0.098033
15.915848	-11.641904	-0.110595	0.034529
-15.057411	-11.469122	-0.204730	0.023534
-14.049573	-11.381845	-0.294121	0.012209
-12.986499	-11.385310	-0.093028	0.016920
-11.880788	-11.431867	0.063620	0.024698
-10.799466	-11.311684	0.046688	0.015460
-9.719212	-11.262084	0.141622	0.016690
-8.631377	-11.290982	0.097328	0.014555
-7.497667	-11.358950	-0.150030	0.019258
-6.380565	-11.353587	-0.097241	0.066015
-5.396399	-11.458092	-0.546479	0.022870
-4.356535	-11.502296	-0.268494	0.013731
-3.259440	-11.554489	-0.320332	0.011601
-2.178054	-11.654539	-0.324710	0.020341
-1.172357	-11.712393	0.002541	0.020214
-0.062274	-11.738428	0.028203	0.022344
0.961970	-11.741240	0.260461	0.016186
1.990108	-11.776024	0.295030	0.036100
3.032904	-11.781742	0.320639	0.019560
4.168627	-11.848873	0.319972	0.014511
5.243973	-11.967430	0.055618	0.027600
6.344909	-11.965328	0.033403	0.036970
7.371799	-11.791404	0.336245	0.067230
8.376273	-11.831466	0.563183	0.021680
9.509304	-11.758881	0.547978	0.070240
10.489318	-11.768238	0.181869	0.051074
11.633818	-11.816875	-0.053989	0.018664
12.683204	-11.775403	-0.234666	0.018332
13.767334	-11.814820	-0.385279	0.116811
14.313907	-10.846351	-0.264795	0.070563
15.433421	-10.871079	-0.320743	0.041575
-15.646140	-10.803507	-0.594919	0.050986
-14.565032	-10.579908	-0.153426	0.034077
-13.559551	-10.574298	-0.333913	0.029110
-12.457838	-10.685970	-0.337580	0.107400
-11.403527	-10.574605	-0.258060	0.036562
-10.170183	-10.497833	-0.404319	0.055711
-9.135221	-10.453783	-0.240284	0.023445
-8.078308	-10.600806	-0.127655	0.051135
-6.925496	-10.619745	-0.268909	0.040062
-5.869946	-10.516779	-0.348855	0.055154
-4.888010	-10.594583	-0.448609	0.045331
-3.726841	-10.608799	-0.464950	0.064866
-2.670341	-10.824094	-0.394596	0.023827
-1.637570	-10.846138	-0.074054	0.024492
-0.672682	-10.916821	0.065977	0.127671
0.529517	-10.963035	0.298194	0.050749
1.523608	-10.940475	-0.070779	0.041344
2.558674	-11.083942	0.010892	0.038541
3.708329	-11.100929	-0.018934	0.057033
4.756633	-11.084879	-0.099064	0.018933
5.698309	-11.114218	0.040925	0.038881
6.730396	-11.081769	-0.010541	0.049964
7.814768	-11.076178	-0.028833	0.026283
8.832647	-11.056784	0.077998	0.016157
9.914299	-11.051400	-0.099756	0.035053
11.019119	-11.096799	-0.140311	0.067600
12.178331	-11.004228	-0.092819	0.039962
13.213095	-10.875229	-0.310711	0.098539
14.827430	-10.049560	-0.730794	0.548679
15.878735	-10.067433	-0.657886	0.645572
-15.179626	-9.745227	-0.433358	1.656932
-14.082746	-9.631158	-0.311702	1.890701
-13.049241	-9.654081	-0.451952	1.805185
-11.906173	-9.715422	-0.662957	1.332901
-10.853710	-9.714932	-0.534675	1.370648
-9.663890	-9.646092	-0.483430	1.671319
-8.532851	-9.695406	-0.425916	1.275332
-7.552815	-9.726852	-0.320295	0.953092
-6.453887	-9.814269	-0.521002	0.524132
-5.332323	-9.704207	-0.486079	0.943046
-4.217430	-9.613424	-0.626925	1.511840
-3.122225	-9.968261	-0.493369	0.387005
-2.054232	-10.032441	-0.401925	0.246702
-0.930097	-10.092282	-0.287365	0.177965
0.055596	-10.255792	0.172882	0.117935
0.971434	-10.226813	-0.291609	0.059455
2.081070	-10.304867	-0.524472	0.078379
3.051490	-10.272832	-0.068972	0.049527
4.221032	-10.257402	0.013481	0.024528
5.266096	-10.269439	-0.060558	0.021359
6.269768	-10.247127	0.050248	0.021110
7.285889	-10.162582	-0.200018	0.064040
8.270324	-10.300622	0.039415	0.043143
9.339761	-10.238383	-0.146671	0.037092
10.440707	-10.156633	-0.369395	0.131308
11.473401	-10.205740	-0.490705	0.124488
12.602526	-10.176102	-0.620934	0.144060
13.726858	-10.275567	-0.762974	0.076596
14.146436	-9.772997	0.047433	0.324324
15.226919	-10.048366	0.050430	1.051301
-15.816064	-10.059550	0.284899	1.210217
-14.584237	-10.066780	0.456441	1.583443
-13.446369	-10.036057	0.361064	1.476633
-12.406713	-9.975586	0.109707	1.107957
-11.353217	-9.920018	0.250551	0.960368
-10.208302	-10.149859	0.175242	2.046448
-9.178560	-10.050380	0.138325	1.611557
-8.111134	-9.867193	0.490700	0.956255
-6.917606	-9.725387	0.331627	0.554708
-5.914059	-9.786159	0.289556	0.783550
-4.786303	-9.830358	0.280611	1.057671
-3.718975	-9.766431	0.185849	0.629965
-2.677537	-9.775439	0.390806	0.423195
-1.550997	-9.531855	0.281435	0.099559
-0.512906	-9.492738	0.209944	0.048081
0.501621	-9.363770	-0.133242	0.072791
1.598911	-9.420965	-0.431109	0.043425
2.511921	-9.366271	-0.158695	0.121873
3.635742	-9.539624	-0.000830	0.133334
4.715253	-9.359051	0.098904	0.037882
5.713807	-9.337369	0.102705	0.074267
6.775070	-9.452701	0.186619	0.036838
7.780577	-9.402727	0.100228	0.035100
8.824394	-9.465719	0.267687	0.030569
9.994201	-9.573462	0.170257	0.111649
10.999328	-9.566922	0.121253	0.048558
12.083253	-9.672826	0.074540	0.117745
13.223742	-9.772989	-0.023024	0.234877
14.680419	-8.970129	0.328026	0.049774
15.755052	-9.110557	0.324318	0.018059
-15.280385	-9.195831	0.353229	0.065674
-14.246927	-9.237206	0.054158	0.177124
-13.083650	-9.300736	-0.061536	0.149620
-11.976564	-9.176344	-0.036798	0.062712
-10.776341	-9.174119	0.209371	0.034090
-9.714858	-9.260995	0.254040	0.048068
-8.602290	-9.087418	0.174761	0.052740
-7.521386	-9.055576	0.009643	0.025578
-6.368846	-8.907472	0.151433	0.084179
-5.211820	-9.000499	0.133364	0.094052
-4.159425	-8.969882	0.229082	0.070500
-3.138957	-9.026967	0.064140	0.062848
-2.170559	-8.882619	0.074846	0.019720
-1.070038	-8.664160	0.004211	0.062999
-0.055711	-8.714196	0.073563	0.044137
1.058131	-8.662442	0.019227	0.029852
2.135731	-8.565961	0.031034	0.065699
3.071170	-8.722803	0.350384	0.120672
4.017885	-8.535962	0.051663	0.092315
5.142991	-8.471709	0.027550	0.084095
6.382167	-8.654907	0.268282	0.105322
7.386814	-8.638744	0.017927	0.025138
8.419527	-8.661815	-0.060798	0.058231
9.381028	-8.663006	-0.088585	0.038756
10.511828	-8.749411	-0.055738	0.011722
11.591991	-8.766416	-0.067560	0.029682
12.576036	-8.918957	0.003988	0.043072
13.623032	-8.906569	-0.077511	0.024596
14.128582	-8.177048	0.002416	0.048020
15.291576	-8.178613	0.130432	0.022080
-15.691409	-8.237735	0.110620	0.031409
-14.601717	-8.380006	0.024756	0.038231
-13.561608	-8.345270	0.079544	0.031963
-12.375913	-8.421295	0.213512	0.091085
-11.371810	-8.363297	0.232575	0.032054
-10.241917	-8.386163	0.138346	0.023159
-9.293595	-8.387931	0.241600	0.079191
-8.150209	-8.261299	0.180033	0.027062
-7.055008	-8.244380	0.316057	0.038086
-5.868618	-8.144079	0.084385	0.034113
-4.827735	-8.139223	0.058069	0.029997
-3.787459	-8.226968	-0.136757	0.044942
-2.711296	-8.162261	-0.213310	0.011341
-1.662653	-8.026742	-0.426722	0.016997
-0.618586	-7.882341	-0.169694	0.032172
0.542102	-7.855875	-0.178969	0.043845
1.578824	-7.741255	-0.047601	0.047479
2.644085	-7.821120	0.111570	0.044303
3.599141	-7.814309	0.204472	0.024072
4.585147	-7.642586	0.314093	0.118862
5.752643	-7.799226	0.278350	0.033462
6.905475	-7.788292	-0.080622	0.041008
7.843953	-7.763420	-0.127617	0.035676
8.909658	-7.706083	-0.243636	0.059196
9.981997	-7.857979	-0.214356	0.013907
11.044433	-7.905076	-0.355986	0.034458
12.151326	-8.089391	-0.348276	0.053618
13.099126	-8.114395	0.232203	0.027915
14.842136	-7.408047	-0.226862	0.018661
15.937050	-7.441595	-0.222205	0.026097
-15.118825	-7.481382	-0.233923	0.017939
-14.027237	-7.507504	-0.134517	0.027958
-12.996294	-7.494513	0.038592	0.018646
-11.830908	-7.437566	0.228813	0.045642
-10.810821	-7.500241	0.273083	0.017867
-9.773913	-7.551132	0.084964	0.016538
-8.695464	-7.591562	-0.118005	0.068257
-7.572729	-7.424431	0.055614	0.030010
-6.514997	-7.461448	-0.007289	0.080512
-5.358918	-7.316255	0.000933	0.028127
-4.284053	-7.337376	-0.318395	0.018321
-3.288374	-7.368659	-0.209433	0.031978
-2.219307	-7.250229	-0.333958	0.014364
-1.140557	-7.086708	-0.321896	0.039434
-0.101247	-7.119898	-0.012011	0.019325
0.935783	-7.028633	-0.024996	0.032615
1.988788	-6.952090	-0.336611	0.073546
3.146844	-6.975511	-0.130123	0.043523
4.140351	-6.976144	0.267666	0.019621
5.199837	-6.982753	0.182820	0.024013
6.271857	-6.976145	0.047581	0.008059
7.337467	-6.973062	0.134414	0.019356
8.470066	-6.866664	0.045345	0.045905
9.539724	-6.940716	0.018790	0.018823
10.648764	-7.070138	-0.077492	0.053826
11.601050	-7.177920	-0.320953	0.051049
12.657936	-7.235653	-0.208689	0.050920
13.746589	-7.400306	-0.111557	0.038725
14.394759	-6.515057	0.110307	0.015511
15.441558	-6.546889	0.092125	0.006933
-15.635955	-6.545913	-0.140525	0.009764
-14.628405	-6.581222	-0.064082	0.012189
-13.604339	-6.616591	0.092864	0.034912
-12.460950	-6.619443	0.151169	0.021815
-11.254298	-6.488253	0.235034	0.158561
-10.241797	-6.606547	0.346280	0.019311
-9.288761	-6.657645	-0.058359	0.049924
-8.144411	-6.674516	-0.012211	0.028550
-7.072291	-6.570852	0.051685	0.021018
-5.969995	-6.434454	-0.065582	0.080484
-4.834007	-6.495990	0.206888	0.026312
-3.885168	-6.536524	-0.321476	0.063761
-2.668142	-6.551967	0.030183	0.138490
-1.720377	-6.350346	0.069370	0.047907
-0.649614	-6.320266	0.156812	0.016742
0.412090	-6.376719	0.123486	0.023173
1.517183	-6.304213	0.220264	0.033704
2.551101	-6.274585	0.097642	0.029358
3.612685	-6.233352	0.270451	0.006592
4.652091	-6.165767	0.148961	0.008428
5.756448	-6.145305	-0.038586	0.010235
6.773074	-6.179747	-0.001140	0.044889
7.871173	-6.131454	0.331691	0.042922
9.002904	-6.051636	0.225995	0.048438
10.039329	-6.107227	-0.030640	0.063345
11.222765	-6.266222	-0.027986	0.027271
12.340160	-6.402218	-0.126623	0.069417
13.376759	-6.506582	-0.263745	0.051954
14.918245	-5.666940	-0.091363	0.008161
15.953864	-5.721455	0.317829	0.012827
-15.142860	-5.716306	-0.100669	0.018396
-14.115032	-5.779109	0.040624	0.014822
-12.984932	-5.791035	0.130986	0.010336
-11.909961	-5.804705	-0.262618	0.031600
-10.757701	-5.776454	-0.063526	0.018221
-9.688945	-5.765036	-0.137215	0.040814
-8.690045	-5.857190	0.177995	0.052202
-7.628255	-5.672673	-0.014879	0.087984
-6.557141	-5.736418	0.191935	0.017612
-5.427715	-5.692427	-0.069557	0.016731
-4.389349	-5.640642	-0.030021	0.044842
-3.295624	-5.672342	-0.075671	0.048375
-2.316798	-5.610025	0.026298	0.080305
-1.242868	-5.651683	-0.149648	0.041485
-0.114767	-5.618284	-0.193318	0.016710
0.961684	-5.548594	-0.033887	0.008642
2.001340	-5.413415	0.099965	0.040273
3.035703	-5.493607	0.117372	0.029060
4.070248	-5.404113	-0.128535	0.032165
5.226552	-5.342998	-0.220415	0.046209
6.357125	-5.375146	-0.245154	0.059900
7.477606	-5.469468	-0.063001	0.078636
8.564695	-5.386697	-0.083821	0.049164
9.590837	-5.304626	-0.190041	0.042234
10.700727	-5.402402	-0.197962	0.020417
11.793620	-5.519337	-0.311243	0.017458
12.812275	-5.681771	-0.053781	0.018756
13.894964	-5.707133	-0.191126	0.008888
14.376068	-4.862773	-0.012783	0.004793
15.440871	-4.824542	0.123152	0.029597
-15.668298	-4.994201	-0.270432	0.093836
-14.594930	-4.871672	-0.447516	0.048112
-13.551741	-5.018170	-0.232577	0.072213
-12.444051	-4.926782	0.130251	0.024051
-11.346553	-4.996143	0.272956	0.012048
-10.283205	-4.979968	-0.029747	0.005029
-9.196151	-5.036196	0.361999	0.032536
-8.204223	-4.973309	0.328314	0.015728
-7.137545	-4.942115	0.306413	0.022213
-6.070081	-4.962289	0.049210	0.057949
-4.940918	-4.847949	0.182389	0.041802
-3.808710	-4.974342	0.275740	0.094527
-2.780508	-4.922818	0.296984	0.019456
-1.729717	-4.887612	0.121491	0.034378
-0.612205	-4.795605	0.032085	0.019062
0.461405	-4.812671	-0.033353	0.045768
1.446767	-4.659788	-0.294927	0.021831
2.476831	-4.670911	0.125462	0.030074
3.629267	-4.661181	0.261514	0.013142
4.686981	-4.589133	0.046326	0.047418
5.765531	-4.772251	0.319830	0.078070
6.836373	-4.723357	0.340636	0.020115
7.952514	-4.714002	0.437107	0.015927
9.019062	-4.579716	0.414543	0.042500
10.100827	-4.668109	0.236311	0.030093
11.339533	-4.725619	0.173609	0.084445
12.318988	-4.865686	0.068631	0.070047
13.316980	-4.886375	0.149667	0.029103
14.865405	-3.974820	-0.146290	0.026023
15.950798	-4.033954	-0.223034	0.013278
-15.133096	-4.085746	-0.262116	0.021629
-13.987222	-4.028513	-0.348857	0.078052
-13.034555	-4.137611	-0.078983	0.037990
-11.924908	-4.159395	0.020028	0.005938
-10.887770	-4.218033	0.048527	0.015905
-9.782826	-4.231132	-0.048073	0.044880
-8.766822	-4.135044	0.342606	0.037096
-7.731971	-4.131994	0.271470	0.067808
-6.491851	-4.146818	0.183580	0.060171
-5.457899	-4.043007	0.163845	0.008702
-4.341243	-3.967398	0.225908	0.075551
-3.341464	-4.130171	0.026206	0.058360
-2.229303	-4.050097	0.043630	0.010246
-1.170266	-3.934091	0.008446	0.030610
-0.107824	-3.972088	0.000407	0.023831
0.922525	-3.851581	0.024182	0.023353
2.004719	-3.807064	0.083205	0.035374
3.109298	-3.891457	0.276095	0.025464
4.190236	-3.816585	0.172972	0.023137
5.253333	-3.917608	0.043499	0.009090
6.297893	-4.021769	0.046688	0.035679
7.422502	-3.989905	0.037532	0.030132
8.412539	-3.964522	-0.167193	0.039311
9.495431	-3.906928	0.001237	0.035479
10.681332	-3.869608	0.081530	0.027911
11.782317	-3.945444	-0.068415	0.053241
12.766479	-3.887340	0.124417	0.072599
13.770065	-4.084805	0.176848	0.095475
14.369783	-3.207613	0.096737	0.032352
15.379793	-3.160317	-0.089595	0.016617
-15.656848	-3.209535	0.026709	0.010199
-14.603085	-3.225819	-0.017355	0.014579
-13.495104	-3.252112	-0.105755	0.028322
-12.458808	-3.319352	-0.198236	0.015927
-11.433042	-3.344241	-0.141115	0.005291
-10.412633	-3.362016	-0.170879	0.042204
-9.281721	-3.235776	0.060244	0.069350
-8.110690	-3.274742	0.091003	0.061923
-7.079966	-3.264955	0.046956	0.047636
-5.978351	-3.275807	-0.065160	0.021714
-4.857975	-3.193117	-0.013120	0.027000
-3.793655	-3.226874	-0.010551	0.027581
-2.736637	-3.286104	0.240890	0.038335
-1.738095	-3.199882	0.138385	0.017645
-0.594951	-3.064484	0.009853	0.088110
0.368380	-3.105296	0.448518	0.023568
1.453180	-3.056746	0.175274	0.012970
2.610596	-3.131611	-0.041589	0.063834
3.626436	-3.032235	0.306342	0.022722
4.766351	-3.058377	0.115599	0.052849
5.773238	-3.127271	0.267867	0.015080
6.802626	-3.195416	0.232322	0.026082
7.890748	-3.144627	0.229966	0.020065
8.999415	-3.197682	-0.167118	0.021128
10.119005	-3.092528	0.009515	0.029286
11.223122	-3.187390	0.135383	0.072076
12.321041	-2.975109	-0.116505	0.165412
13.330369	-3.125598	0.255552	0.024059
14.887684	-2.293719	-0.245190	0.032870
15.949457	-2.246339	-0.139218	0.080909
-15.143988	-2.404696	-0.257968	0.021991
-14.027175	-2.486512	-0.251516	0.055413
-13.041563	-2.369524	-0.284940	0.067659
-11.901059	-2.442868	-0.119708	0.022224
-10.911347	-2.492939	-0.099259	0.027374
-9.820447	-2.579737	-0.253821	0.084286
-8.718259	-2.386353	-0.258091	0.100633
-7.602845	-2.553945	-0.378091	0.040731
-6.494952	-2.586749	-0.303930	0.082842
-5.452682	-2.373723	0.143170	0.081719
-4.358164	-2.474066	0.163789	0.059485
-3.273601	-2.355269	0.366453	0.040947
-2.273971	-2.470680	0.416783	0.040855
-1.206057	-2.436211	0.151746	0.039288
-0.082856	-2.310379	-0.060156	0.044175
0.870015	-2.259172	0.224750	0.026354
2.014907	-2.277929	-0.173728	0.011756
3.052055	-2.293231	0.004604	0.025515
4.062290	-2.221133	-0.064000	0.075810
5.150950	-2.286335	0.117498	0.057613
6.317160	-2.402043	0.077489	0.070928
7.337624	-2.288455	0.156547	0.050734
8.418274	-2.418891	0.028792	0.048344
9.562193	-2.371573	0.066934	0.017343
10.673335	-2.369058	0.077884	0.019306
11.700435	-2.324266	-0.063908	0.032710
12.837253	-2.307662	-0.059427	0.039177
13.914167	-2.477526	-0.150488	0.171443
14.356050	-1.511773	-0.162478	0.032662
15.400723	-1.516305	0.151601	0.013713
-15.648573	-1.564104	-0.127698	0.019124
-14.552268	-1.564893	-0.229187	0.023515
-13.500141	-1.594020	-0.026092	0.014312
-12.466386	-1.586406	0.107314	0.026728
-11.358623	-1.662717	0.098103	0.021731
-10.215961	-1.711938	-0.254997	0.052458
-9.211919	-1.652216	-0.165088	0.032949
-8.073152	-1.683392	-0.194613	0.063731
-7.085618	-1.725768	-0.174376	0.013387
-6.032659	-1.705903	-0.089166	0.038032
-4.856499	-1.630199	-0.034748	0.086898
-3.855441	-1.524963	0.071658	0.060017
-2.807947	-1.536410	0.085842	0.063786
-1.795193	-1.578056	0.195333	0.066563
-0.686971	-1.560983	0.114726	0.016495
0.352392	-1.419617	-0.001512	0.064175
1.387970	-1.475622	0.344580	0.055777
2.553309	-1.491625	0.260671	0.017571
3.647736	-1.405676	0.075006	0.022432
4.691490	-1.441312	0.130738	0.008754
5.791782	-1.452507	0.096055	0.022374
6.906291	-1.486980	-0.013436	0.042503
7.902623	-1.519594	0.195169	0.020665
8.928629	-1.497263	-0.136394	0.038689
10.079083	-1.548811	-0.152132	0.010881
11.169403	-1.503423	-0.185401	0.010680
12.250366	-1.536667	-0.149974	0.012088
13.350885	-1.484092	-0.243532	0.044247
14.932082	-0.696176	-0.058144	0.011017
15.967067	-0.678994	0.022600	0.035831
-15.125481	-0.828063	-0.061290	0.065729
-14.029907	-0.710664	0.147496	0.081786
-12.964071	-0.795289	0.071012	0.026623
-11.775584	-0.727848	0.070384	0.126432
-10.796116	-0.893995	-0.400306	0.052702
-9.691361	-0.851699	-0.505402	0.041978
-8.665179	-0.882933	-0.528359	0.047738
-7.634173	-0.775369	-0.006529	0.049050
-6.597914	-0.866855	0.002375	0.026079
-5.587223	-0.772962	-0.133586	0.080761
-4.480312	-0.768932	-0.120946	0.074728
-3.258543	-0.831598	-0.235914	0.040737
-2.105965	-0.800369	-0.278549	0.199759
-1.197768	-0.806203	0.127335	0.087571
-0.131685	-0.694211	0.064084	0.047887
1.017020	-0.678070	0.137787	0.090873
2.052330	-0.637070	0.387601	0.024983
3.098631	-0.645574	0.321777	0.024974
4.217904	-0.546695	0.047822	0.042886
5.243002	-0.642699	0.207477	0.016135
6.280157	-0.597813	0.024368	0.025506
7.411256	-0.550616	0.093635	0.065667
8.416070	-0.712704	-0.092761	0.035745
9.454956	-0.757661	-0.103368	0.040334
10.653742	-0.700705	-0.267724	0.019947
11.766296	-0.697835	-0.263518	0.016421
12.816934	-0.722176	-0.008551	0.018544
13.868482	-0.729287	0.023669	0.011616
14.382441	0.058061	-0.042504	0.021186
15.442639	0.052132	-0.339330	0.015335
-15.621418	0.048056	-0.374271	0.033944
-14.481909	-0.119099	-0.364820	0.166822
-13.569114	0.038967	-0.314842	0.100485
-12.415492	0.009174	-0.246711	0.018654
-11.311204	0.014092	-0.294596	0.035242
-10.378235	-0.014582	-0.167016	0.085040
-9.281848	0.089964	-0.351145	0.061622
-8.250144	-0.040074	-0.175486	0.079244
-7.168709	0.051618	0.023681	0.048099
-6.042816	0.005929	0.197089	0.018946
-4.960955	0.008479	0.125862	0.020020
-3.836312	-0.055139	-0.155228	0.057681
-2.789658	-0.074943	-0.069104	0.056141
-1.831553	0.037727	0.268220	0.077026
-0.755039	0.231885	0.162716	0.178680
0.313076	0.132852	0.141660	0.062026
1.462367	0.133492	0.297066	0.034342
2.609267	0.244499	0.172211	0.041172
3.593628	0.285049	-0.004201	0.054395
4.704904	0.252202	-0.035527	0.029063
5.758256	0.165481	0.065375	0.036799
6.877520	0.228377	0.210152	0.014797
8.030377	0.257383	0.199413	0.097364
8.988416	0.093703	0.048660	0.027537
10.037484	0.086554	0.034774	0.049916
11.201143	0.023564	-0.210187	0.052093
12.292577	0.124040	-0.268262	0.048849
13.419284	-0.050420	-0.229952	0.113774
14.952437	0.910725	-0.317486	0.036579
-16.047952	0.843577	-0.051025	0.028600
-15.014065	0.735146	-0.286877	0.055613
-13.974195	0.839819	-0.170771	0.054152
-12.905369	0.785350	-0.386074	0.017206
-11.804268	0.819526	-0.165429	0.015380
-10.816396	0.916462	-0.297835	0.040638
-9.770632	0.981965	-0.232516	0.033195
-8.696216	0.936769	-0.214399	0.021314
-7.706243	0.811048	-0.202549	0.065962
-6.486906	0.885648	0.105617	0.029604
-5.401288	0.921121	0.113121	0.065234
-4.356209	0.898801	0.053955	0.064396
-3.414603	0.804515	0.075946	0.030858
-2.458969	0.874135	0.096328	0.109570
-1.235189	0.911997	0.174792	0.057322
-0.207831	0.848320	-0.236717	0.066229
0.975994	0.893922	0.031496	0.095054
2.009299	1.066073	0.392505	0.100552
3.040108	1.060206	0.433489	0.054390
4.095984	0.945308	0.495311	0.045121
5.235622	1.013445	0.088279	0.018540
6.434842	1.061718	-0.048320	0.055163
7.457408	0.979146	-0.188863	0.020267
8.530520	0.975558	-0.247720	0.024220
9.665452	0.869737	-0.142142	0.073385
10.714683	0.949096	-0.007751	0.042406
11.762328	0.880726	-0.062688	0.016453
12.859342	0.848888	-0.224456	0.026029
13.933402	0.846317	-0.526192	0.030774
14.383502	1.672491	-0.183648	0.017036
15.517721	1.594303	-0.191534	0.044509
-15.568251	1.649534	-0.192530	0.025096
-14.444025	1.606901	-0.239864	0.036967
-13.478921	1.558490	0.074492	0.041850
-12.340012	1.591904	0.037027	0.012795
-11.233021	1.608144	0.032260	0.058591
-10.222184	1.744057	-0.082297	0.017864
-9.233981	1.842683	-0.340047	0.063913
-8.139479	1.687947	-0.305851	0.015337
-7.061498	1.624879	-0.262258	0.050146
-5.845621	1.733061	-0.069983	0.120416
-5.004699	1.642612	-0.363429	0.158356
-3.895168	1.709296	-0.051161	0.035631
-2.911850	1.658717	-0.100952	0.029767
-1.867199	1.637653	-0.122284	0.031817
-0.718945	1.695271	-0.200554	0.018336
0.284341	1.726039	0.041443	0.060095
1.350948	1.708135	0.051519	0.097731
2.543122	1.678702	-0.035348	0.054496
3.618701	1.682644	0.099896	0.043011
4.661164	1.747666	0.028883	0.012925
5.846307	1.820887	0.135165	0.012255
6.987482	1.834346	0.043037	0.041692
7.996588	1.738388	0.102100	0.021669
9.092431	1.713389	0.091761	0.020078
10.138218	1.767782	-0.021626	0.014581
11.238027	1.731196	0.061817	0.010692
12.242166	1.726031	-0.140707	0.004839
13.293569	1.724083	-0.331313	0.015497
14.884661	2.473685	-0.312351	0.033963
16.012206	2.419974	-0.135998	0.024265
-15.045637	2.497066	-0.267654	0.024568
-13.960263	2.450093	0.037234	0.011418
-12.978252	2.425170	0.016544	0.044543
-11.865361	2.380916	-0.043125	0.063642
-10.799232	2.528666	0.075332	0.026204
-9.648279	2.614070	-0.151401	0.053712
-8.615680	2.593419	-0.349833	0.012972
-7.606361	2.531224	-0.136753	0.021203
-6.471959	2.570344	-0.016801	0.020277
-5.319311	2.529104	-0.121548	0.074837
-4.385167	2.558378	-0.337775	0.024922
-3.259542	2.597122	-0.457710	0.095560
-2.357925	2.426060	-0.134594	0.076687
-1.264525	2.521320	-0.274072	0.037358
-0.145426	2.507292	-0.352419	0.008352
0.935171	2.548865	-0.239858	0.016838
1.966656	2.506928	-0.135756	0.019031
3.017694	2.448863	0.132464	0.053950
4.103435	2.525498	0.082983	0.024466
5.257231	2.577034	-0.035801	0.014482
6.330520	2.586436	0.106018	0.017407
7.488052	2.664567	0.119081	0.080562
8.491500	2.531379	0.458120	0.046582
9.553584	2.578232	0.200622	0.031666
10.677172	2.552830	0.283004	0.010704
11.694596	2.577423	0.069286	0.015404
12.692713	2.594249	-0.261798	0.059235
13.856436	2.523830	-0.063638	0.018261
14.459144	3.382613	-0.303828	0.055957
15.492242	3.295020	-0.184981	0.032532
-15.586397	3.317120	-0.216877	0.025726
-14.428765	3.289272	-0.094367	0.031584
-13.399128	3.261636	-0.018269	0.014916
-12.355385	3.301231	-0.023892	0.011754
-11.288465	3.358188	-0.186116	0.025280
-10.332442	3.365768	0.113298	0.083181
-9.106500	3.409080	-0.042236	0.041811
-8.049480	3.433110	-0.076540	0.043491
-7.018708	3.383895	-0.031829	0.019455
-5.844909	3.381357	-0.056837	0.041998
-4.876183	3.462064	-0.217226	0.027102
-3.815697	3.420086	-0.367132	0.015237
-2.784851	3.367021	-0.137627	0.022604
-1.710847	3.195499	0.045198	0.083320
-0.592945	3.252986	0.078990	0.062342
0.441540	3.319700	0.050878	0.022590
1.479557	3.398780	-0.112478	0.024440
2.621714	3.355282	0.067465	0.067723
3.625721	3.215514	0.452867	0.136507
4.670380	3.444843	0.239724	0.071548
5.788357	3.375009	-0.028283	0.006887
6.860777	3.322123	-0.161509	0.042492
7.988560	3.423741	0.189290	0.032003
9.049144	3.496191	0.161758	0.082187
10.139174	3.325879	-0.042389	0.089851
11.194276	3.399085	-0.177435	0.035867
12.274804	3.341448	-0.011637	0.067707
13.262515	3.341127	-0.202360	0.043402
15.010682	4.117041	0.024351	0.043747
15.948753	4.252451	0.029322	0.137479
-15.059019	4.098164	0.206862	0.045026
-13.946691	4.116845	0.176870	0.028671
-12.863186	4.162785	0.107353	0.020171
-11.814253	4.134567	0.016429	0.038779
-10.769997	4.200084	0.169370	0.020810
-9.714989	4.225377	0.007571	0.030259
-8.689953	4.294320	-0.220488	0.099830
-7.600964	4.148916	0.054769	0.090341
-6.436539	4.227649	0.182601	0.015763
-5.361894	4.264517	-0.146817	0.029752
-4.451527	4.303039	-0.444689	0.061198
-3.342503	4.267160	-0.028031	0.024058
-2.245012	4.127190	0.203506	0.012930
-1.151126	4.103296	-0.114951	0.015805
-0.127333	4.212042	0.234231	0.054717
0.974017	4.260984	0.125514	0.059916
1.970320	4.188269	-0.197196	0.050037
3.110964	4.218554	0.001100	0.048201
4.171191	4.143863	0.211192	0.041409
5.221611	4.258306	-0.119058	0.062930
6.297931	4.147131	-0.080924	0.039420
7.397074	4.206559	-0.250792	0.015383
8.519279	4.182562	-0.163716	0.035909
9.543396	4.345437	-0.262520	0.129461
10.528502	4.191185	-0.028538	0.089910
11.562512	4.241656	-0.187988	0.224355
12.794304	4.129485	-0.193706	0.049963
13.944111	4.101022	-0.056190	0.034212
14.434161	4.946256	0.154581	0.023286
15.506045	5.034759	0.165100	0.045591
-15.504149	4.912829	-0.155746	0.026037
-14.386142	4.830691	0.023600	0.059619
-13.338870	4.888158	-0.117462	0.029413
-12.263816	5.001727	0.051119	0.040750
-11.135818	5.127200	-0.013365	0.171444
-10.169406	5.121523	0.021305	0.045910
-9.093767	5.023270	0.250803	0.054292
-8.029415	5.107128	0.037864	0.076495
-7.011862	5.035000	-0.083003	0.016463
-5.936101	4.998788	-0.024166	0.020895
-4.947941	5.026714	0.052416	0.042667
-3.871716	5.081609	0.078691	0.016181
-2.740842	5.009503	0.046017	0.007665
-1.675293	4.962810	-0.025704	0.012065
-0.553447	5.037606	-0.167648	0.061429
0.394572	4.940357	-0.080304	0.083543
1.525086	4.989140	0.112367	0.019475
2.610402	4.985703	-0.318143	0.009715
3.690869	4.993592	-0.374771	0.013996
4.663591	4.993473	0.137336	0.083046
5.919891	4.982951	0.053859	0.114002
6.872816	4.975291	-0.198931	0.030883
7.950419	4.959310	-0.139009	0.011114
9.115118	5.046837	-0.066298	0.036909
10.115016	5.082606	0.011583	0.019886
11.150653	5.001538	0.175451	0.045901
12.355783	4.801977	0.181801	0.204941
13.359486	4.898480	-0.111098	0.040178
14.959509	5.839340	-0.107101	0.071550
-15.982363	5.862937	0.030305	0.082848
-14.967163	5.650010	-0.069191	0.134186
-13.828662	5.762525	-0.031362	0.032373
-12.846032	5.779093	0.203819	0.011562
-11.801790	5.771368	-0.132501	0.057967
-10.762426	5.941287	0.046562	0.079427
-9.692083	5.877639	-0.016236	0.018685
-8.614579	5.840578	-0.138816	0.016992
-7.588007	5.906015	0.055750	0.029713
-6.484438	5.872240	-0.233044	0.008364
-5.468564	5.860837	-0.177071	0.023679
-4.326911	5.933372	-0.095478	0.035665
-3.246922	5.923132	0.058787	0.031436
-2.143186	5.794046	0.178701	0.023533
-1.114117	5.797774	0.135857	0.011930
-0.015718	5.797429	0.047156	0.041580
1.099535	5.771988	0.146223	0.086787
2.052152	5.796016	-0.217913	0.025761
3.138115	5.791659	-0.087425	0.003902
4.255046	5.808715	-0.029115	0.027235
5.364167	5.738946	0.033366	0.094606
6.385576	5.902784	-0.049808	0.130834
7.403872	5.701197	0.027940	0.059339
8.517312	5.720231	0.209895	0.040319
9.679502	5.858328	0.274921	0.037369
10.751304	5.826661	0.189461	0.038817
11.904442	5.701372	-0.057593	0.122374
12.924110	5.783064	0.028151	0.046853
14.020876	5.687535	-0.087319	0.094014
14.530807	6.591587	0.039431	0.032221
15.629294	6.549099	0.081303	0.095896
-15.432505	6.694143	-0.179597	0.075516
-14.444526	6.674191	0.038251	0.040039
-13.367729	6.652631	-0.228375	0.012451
-12.339954	6.639181	-0.257531	0.020315
-11.257387	6.605866	-0.389337	0.042228
-10.227797	6.574999	-0.292948	0.100278
-9.171873	6.680757	-0.192496	0.011425
-8.103476	6.723006	-0.109258	0.013051
-6.975035	6.681835	-0.175654	0.036118
-5.940054	6.719232	0.074791	0.027208
-4.909415	6.660657	0.033874	0.027497
-3.816785	6.717893	-0.126377	0.024869
-2.735776	6.635325	-0.122304	0.009752
-1.630144	6.591063	-0.016360	0.028252
-0.602814	6.691523	0.373655	0.021036
0.420734	6.691942	-0.025862	0.069090
1.617770	6.668162	-0.074672	0.067428
2.630987	6.547832	0.090504	0.042158
3.695584	6.580682	0.100742	0.011866
4.748062	6.632506	0.082692	0.013883
5.791210	6.602930	-0.056912	0.035546
6.964278	6.600229	-0.038428	0.043755
8.028434	6.538390	0.200615	0.029857
9.125403	6.651098	0.146901	0.049311
10.206602	6.582034	-0.027915	0.011488
11.238917	6.493959	-0.179948	0.052747
12.355929	6.560309	0.031564	0.009633
13.482101	6.643605	0.000520	0.041449
15.032364	7.467146	0.249685	0.024194
-15.988936	7.475872	0.070331	0.026092
-14.938015	7.475870	0.256847	0.031678
-13.871085	7.584965	-0.090589	0.066222
-12.849646	7.445595	-0.091205	0.026829
-11.757519	7.340682	0.119975	0.130351
-10.710833	7.547834	-0.279294	0.073418
-9.660444	7.509806	-0.142486	0.008664
-8.608677	7.561533	-0.101198	0.009042
-7.565529	7.511677	0.124633	0.026025
-6.518797	7.602811	0.036049	0.054217
-5.530621	7.472700	0.278620	0.058187
-4.437929	7.555665	0.304311	0.062191
-3.392599	7.398875	0.334214	0.102127
-2.285236	7.405689	0.153373	0.056288
-1.148711	7.478326	0.210544	0.043326
-0.010160	7.561368	0.255351	0.096048
0.955590	7.437940	-0.136100	0.088068
2.100226	7.450551	0.219771	0.030832
3.137566	7.464371	0.093739	0.013910
4.226577	7.435118	0.006597	0.006495
5.240539	7.432278	-0.136219	0.018787
6.356388	7.391534	-0.244523	0.010648
7.436560	7.384754	-0.275217	0.018433
8.529028	7.370570	-0.192137	0.030747
9.604660	7.392582	-0.138125	0.011260
10.713978	7.389430	0.114128	0.014706
11.810190	7.312806	0.039615	0.041536
12.914589	7.379722	0.078457	0.032593
13.961147	7.458791	0.251178	0.010281
14.386203	8.343144	0.119416	0.072057
15.546853	8.186470	0.186345	0.143549
-15.559928	8.397376	-0.074284	0.105077
-14.407970	8.350104	-0.152900	0.023539
-13.364201	8.310105	0.075708	0.026070
-12.329180	8.365020	-0.046202	0.058167
-11.222064	8.268739	0.084534	0.063485
-10.144799	8.356309	-0.219761	0.035388
-9.116248	8.410940	-0.264730	0.010998
-8.122225	8.429751	0.214580	0.019862
-7.131158	8.380564	0.075004	0.046473
-5.999533	8.340680	-0.161872	0.020196
-4.993431	8.355595	0.163917	0.027632
-3.804391	8.295428	0.213769	0.053400
-2.705580	8.242677	0.123743	0.081359
-1.742091	8.089548	-0.208449	0.177793
-0.563557	8.163134	-0.321477	0.060860
0.576871	8.277086	-0.200495	0.089690
1.663517	8.204661	-0.245741	0.081643
2.654810	8.265103	-0.145865	0.005014
3.681827	8.299309	0.058769	0.014534
4.768541	8.253836	-0.147871	0.007540
5.872261	8.235687	-0.186371	0.005776
6.930127	8.196507	0.148583	0.017741
8.019704	8.290924	-0.192210	0.027255
8.994474	8.273920	-0.387782	0.065361
10.125633	8.167898	-0.309725	0.021991
11.193080	8.158155	0.008341	0.038431
12.256459	8.274931	-0.018101	0.054766
13.334819	8.283174	0.245163	0.026306
15.027900	9.125377	-0.037463	0.069315
-16.047497	9.168176	0.050605	0.034301
-14.881465	9.221291	-0.021262	0.057030
-13.798616	9.222860	-0.135461	0.046705
-12.795219	9.134535	0.006751	0.051176
-11.803474	9.179958	-0.092750	0.015827
-10.808699	9.247756	-0.087897	0.058047
-9.647774	9.304430	-0.129552	0.051067
-8.603448	9.212512	-0.156522	0.016463
-7.590627	9.212823	-0.140701	0.007506
-6.515729	9.154440	-0.146834	0.017312
-5.488637	9.172761	-0.232352	0.006653
-4.407227	9.175635	-0.031888	0.034405
-3.344460	8.984694	-0.173620	0.115061
-2.172420	9.108279	-0.284899	0.115276
-1.070932	8.986759	-0.189956	0.074315
-0.076420	9.062159	-0.236238	0.031772
0.990586	8.978479	0.139260	0.067290
2.164605	9.083764	0.193687	0.035215
3.202822	9.160564	0.199918	0.055758
4.252351	9.044927	-0.080619	0.032098
5.370963	9.108141	-0.129022	0.014681
6.430243	9.088164	0.017826	0.007693
7.477188	9.092202	-0.073728	0.010407
8.574250	9.118535	0.123207	0.019465
9.653061	9.029744	-0.015129	0.017388
10.730651	8.984276	-0.153007	0.051500
11.719928	9.106677	0.108822	0.049944
12.847027	9.017924	-0.070160	0.055274
13.865842	9.127611	-0.010176	0.027511
14.352213	9.866103	0.262157	0.083929
15.535289	10.073661	-0.142438	0.111532
-15.480798	10.005973	-0.110866	0.046394
-14.434092	10.200365	-0.189263	0.096829
-13.370499	10.130647	-0.113017	0.029953
-12.359543	10.005517	-0.114569	0.022939
-11.312743	10.069051	-0.034375	0.012568
-10.254172	10.036455	-0.205463	0.020556
-9.167256	10.096601	-0.202573	0.022217
-8.094979	10.074744	-0.053159	0.008717
-7.070725	10.049209	-0.119027	0.007008
-5.974507	10.012974	-0.193488	0.008293
-4.881878	9.995453	-0.169932	0.022648
-3.816643	9.919010	-0.200011	0.025309
-2.800744	9.880023	0.015126	0.047724
-1.634110	9.781599	0.126791	0.067507
-0.682575	9.864913	0.065741	0.074856
0.431484	9.841364	0.115724	0.021883
1.567533	9.876374	0.456925	0.028914
2.598791	9.842331	0.447569	0.059719
3.757201	9.939060	0.142923	0.038644
4.809555	9.916380	0.114306	0.006879
5.870253	9.948362	0.078538	0.011287
7.014784	9.881155	0.018203	0.073320
8.001993	9.983359	-0.161416	0.036640
9.162146	9.954041	0.075226	0.035898
10.187124	9.899234	0.087294	0.013399
11.128954	9.857051	0.027639	0.088315
12.255495	9.923255	-0.010858	0.024400
13.346657	9.855695	-0.028951	0.028725
14.917768	10.688042	0.267566	0.121386
-16.029444	10.825269	0.016722	0.041896
-15.010534	10.934553	0.027360	0.022776
-13.979447	10.941934	0.203767	0.005614
-12.922673	10.910175	-0.179068	0.013007
-11.916668	10.866633	0.074190	0.060200
-10.840919	10.910199	-0.037909	0.080433
-9.779223	10.799074	0.034419	0.108728
-8.672180	10.864815	-0.052070	0.026270
-7.565486	10.925072	-0.059851	0.014911
-6.490573	10.875351	-0.145638	0.010800
-5.451398	10.775455	-0.068953	0.008015
-4.417226	10.723067	-0.227515	0.031289
-3.274303	10.726320	0.018179	0.010520
-2.152313	10.677613	0.028443	0.019617
-1.101803	10.646618	0.259607	0.018631
-0.032242	10.655545	0.187678	0.017774
1.047567	10.571432	-0.003290	0.103314
2.102466	10.697108	0.131328	0.029876
3.240044	10.624263	0.183807	0.056431
4.302120	10.703342	0.127020	0.018591
5.317995	10.756535	-0.035981	0.006555
6.403282	10.780288	-0.109853	0.012695
7.406489	10.813482	-0.177752	0.051133
8.555522	10.747808	-0.212335	0.028531
9.638462	10.864560	0.143549	0.096608
10.730435	10.733302	-0.110216	0.025093
11.797819	10.748345	0.288699	0.024900
12.836937	10.766811	0.287789	0.024205
13.879574	10.741212	0.198085	0.022219
14.560410	11.543197	-0.059940	0.108803
15.682053	11.615535	0.085290	0.159922
-15.475133	11.656170	0.014246	0.069025
-14.549418	11.791623	0.026138	0.055066
-13.518441	11.730519	-0.134488	0.059574
-12.386181	11.760198	0.134148	0.038488
-11.235796	11.599533	-0.159125	0.111795
-10.132530	11.732536	-0.106250	0.101316
-9.099570	11.700780	0.091638	0.061945
-8.078318	11.723302	-0.136853	0.025158
-7.056212	11.718057	0.146274	0.018398
-5.925495	11.599128	0.259844	0.055970
-4.907562	11.538714	-0.025636	0.031972
-3.855214	11.606152	-0.100449	0.026793
-2.705760	11.538773	0.050981	0.011256
-1.675348	11.489068	-0.117177	0.016253
-0.525363	11.444512	0.030924	0.036542
0.516521	11.536215	0.069820	0.023319
1.610742	11.588852	-0.004988	0.040599
2.688446	11.530536	0.102594	0.013486
3.700069	11.435854	0.291016	0.068414
4.815530	11.604426	0.159395	0.050386
5.791127	11.614234	-0.054795	0.044945
6.889149	11.631555	-0.001047	0.020418
7.987614	11.588228	0.000194	0.014166
9.018500	11.576866	0.112739	0.082305
10.231062	11.559261	0.376131	0.037138
11.265147	11.503541	0.152973	0.015691
12.350145	11.494614	-0.172716	0.021044
13.444177	11.522396	0.070680	0.046702
14.960042	12.407501	-0.077259	0.061947
-15.998776	12.659436	0.064747	0.166620
-14.986805	12.664702	-0.050538	0.062124
-13.912050	12.709034	-0.076659	0.095670
-12.909583	12.580303	-0.186874	0.016576
-11.853748	12.484425	0.029090	0.032548
-10.719070	12.468574	0.191590	0.031345
-9.690907	12.617796	0.043284	0.072247
-8.709153	12.545036	0.363321	0.071804
-7.642217	12.608749	0.173514	0.061823
-6.630280	12.491978	0.067242	0.077322
-5.542813	12.387342	-0.275651	0.046911
-4.469694	12.412656	0.004055	0.038688
-3.224037	12.436047	0.101909	0.069642
-2.165823	12.296585	0.032890	0.015389
-1.162105	12.242106	-0.067888	0.044898
-0.066732	12.327631	-0.040967	0.019349
1.038299	12.402483	0.024901	0.017937
2.116400	12.388029	-0.189839	0.008257
3.154979	12.376169	0.142767	0.020533
4.233818	12.305754	0.122047	0.032451
5.322571	12.345222	0.109500	0.025644
6.446958	12.426809	-0.124123	0.093785
7.406392	12.374370	-0.116205	0.033223
8.606093	12.329304	0.030364	0.062854
9.753723	12.366372	-0.027765	0.115003
10.749286	12.177475	-0.387876	0.167914
11.813311	12.323613	-0.183951	0.012318
12.856599	12.387072	0.034551	0.020036
13.850501	12.377926	0.035198	0.059559
14.418712	13.228343	-0.177279	0.015588
15.534745	13.270840	0.141210	0.038717
-15.512961	13.410794	0.414187	0.023863
-14.424834	13.378941	0.337125	0.010423
-13.358640	13.432630	0.424130	0.044377
-12.294477	13.349467	0.211494	0.036362
-11.288736	13.343629	0.144695	0.028051
-10.175789	13.385200	0.178086	0.040625
-9.090410	13.350232	0.039243	0.091776
-8.109119	13.455011	0.342582	0.110446
-7.028918	13.302711	0.253754	0.043759
-5.991344	13.264269	0.013466	0.036571
-4.978068	13.164036	0.118795	0.048972
-3.921117	13.218498	-0.115124	0.030960
-2.727618	13.149062	-0.217701	0.016456
-1.596001	13.122461	-0.366113	0.051231
-0.612669	13.082661	-0.239873	0.026804
0.552254	13.112993	-0.488954	0.044902
1.614737	13.248594	-0.064654	0.070080
2.599009	13.141968	0.329590	0.027371
3.685193	13.214537	0.027233	0.022904
4.791444	13.156714	-0.239364	0.031907
5.758270	13.137905	0.219956	0.076715
6.841693	13.186996	0.203145	0.034518
7.992362	13.133526	0.117042	0.021203
9.030850	13.167553	-0.096999	0.033582
10.229975	13.147320	-0.058009	0.048930
11.297684	13.155980	-0.037993	0.013906
12.367521	13.155564	0.083858	0.012230
13.419068	13.200521	-0.178456	0.012262
15.044079	14.110666	-0.301840	0.038886
-15.985756	14.159516	0.077708	0.043276
-15.004492	14.133639	-0.061353	0.021070
-13.893457	14.103047	-0.059487	0.046563
-12.917268	14.086413	-0.173471	0.072191
-11.738759	14.083886	-0.077704	0.061817
-10.728970	14.106185	-0.119526	0.060056
-9.782363	14.208944	-0.259223	0.118264
-8.653663	14.071126	-0.266572	0.120161
-7.549569	14.091899	-0.075186	0.068802
-6.556367	14.159866	0.294072	0.024148
-5.563495	14.136210	0.285274	0.052208
-4.511738	14.018214	0.006035	0.037843
-3.317383	13.989088	-0.085640	0.021026
-2.276084	13.911819	-0.087278	0.037893
-1.095313	13.878578	-0.050283	0.036122
-0.054039	13.949745	-0.225044	0.010065
1.010835	14.000638	-0.020433	0.032386
2.097241	13.910904	-0.137757	0.069836
3.099302	13.974771	0.012987	0.009109
4.154143	14.049769	0.096535	0.024447
5.307318	14.085266	0.102408	0.076895
6.322081	13.986026	0.022349	0.018920
7.440012	13.955062	0.192784	0.027091
8.461330	13.954700	-0.059600	0.017725
9.537487	13.917110	0.122689	0.033752
10.722084	13.977807	0.155365	0.027226
11.804905	14.039614	0.041144	0.030077
12.884231	13.960918	0.204016	0.024666
13.913115	13.984275	-0.060113	0.029569
14.401874	14.872434	-0.076625	0.021572
15.472231	14.997415	0.003243	0.020090
-15.574946	15.009996	0.098433	0.020728
-14.509240	14.948722	0.035953	0.030445
-13.447288	14.981187	-0.148697	0.077740
-12.313289	14.937087	-0.058121	0.056484
-11.281051	15.035946	-0.104339	0.034882
-10.156777	15.065310	-0.165810	0.050208
-9.180320	15.065454	-0.020599	0.039495
-8.202207	14.989455	0.002933	0.057743
-7.153493	14.908503	-0.095615	0.047292
-6.072731	14.919119	-0.091000	0.030800
-5.006593	14.827783	-0.048430	0.034428
-3.920400	14.756964	-0.292027	0.022335
-2.806989	14.739944	-0.219839	0.011628
-1.699487	14.775343	-0.133145	0.022499
-0.572340	14.706060	0.185109	0.024011
0.471454	14.798250	-0.028907	0.011537
1.608295	14.845863	-0.067822	0.051789
2.513441	14.817473	-0.041943	0.071847
3.615660	14.854465	-0.150124	0.023517
4.678892	14.825618	-0.209309	0.017332
5.765744	14.830367	-0.014848	0.018525
6.820149	14.857786	0.111817	0.037312
7.982611	14.862698	-0.064637	0.068661
9.016835	14.761046	0.223411	0.023196
9.992703	14.670824	0.046159	0.080321
11.177640	14.760831	-0.024043	0.018115
12.302201	14.847764	0.049087	0.018137
13.334297	14.861917	-0.337064	0.014803
14.915118	15.767206	-0.115906	0.010869
16.019187	15.864619	0.025189	0.020264
-14.992298	15.831524	-0.047454	0.011566
-13.850657	15.781452	0.095965	0.032794
-12.663635	15.787211	0.148788	0.179669
-11.684564	15.953105	-0.223157	0.119357
-10.756489	15.908675	-0.212597	0.064431
-9.561115	15.865146	-0.387159	0.098666
-8.556285	15.876889	-0.135324	0.096214
-7.652260	15.835543	0.164810	0.018414
-6.605478	15.833420	0.050529	0.021646
-5.513768	15.836488	0.080069	0.068818
-4.424053	15.669308	0.057013	0.008619
-3.341898	15.584778	-0.164927	0.010643
-2.300411	15.598296	0.050057	0.050195
-1.185932	15.498454	0.063290	0.061376
-0.010155	15.534533	0.133727	0.026808
1.061816	15.657055	0.262585	0.027819
2.058000	15.674041	0.272583	0.031361
3.158093	15.559638	0.265937	0.075320
4.155280	15.610575	0.302570	0.022821
5.263943	15.681982	-0.026859	0.023817
6.353258	15.664697	-0.298614	0.033834
7.319919	15.594927	0.150825	0.037865
8.390816	15.643573	0.259326	0.032697
9.413184	15.572389	-0.175076	0.043627
10.501309	15.531048	-0.199802	0.058872
11.728518	15.679195	-0.158749	0.049597
12.883030	15.703452	-0.238321	0.061699
13.869216	15.764103	-0.210171	0.017045
