15.454521	-16.069613	0.090773	0.026828
-15.493631	16.042509	0.074606	0.039896
-14.452182	16.084074	0.210835	0.007925
-13.366117	16.047646	0.280096	0.012873
-12.231510	15.980672	0.141136	0.060776
-11.292361	16.020056	-0.032406	0.050800
-10.208176	16.021173	0.146909	0.028144
-9.090610	16.041407	-0.077771	0.014911
-8.066231	-16.093132	-0.048415	0.040470
-6.949448	-16.087353	-0.311918	0.064095
-5.924360	16.013656	-0.169283	0.027152
-4.948771	16.041656	0.015939	0.016799
-3.870488	16.045267	-0.065627	0.035161
-2.737147	-16.051171	-0.087201	0.035716
-1.657301	16.104629	0.113807	0.007370
-0.602141	16.089306	0.028618	0.009868
0.455893	-16.094462	-0.066909	0.010153
1.528231	16.051616	0.203256	0.052752
2.754090	16.063936	0.130144	0.100749
3.775676	-16.067971	0.274838	0.063597
4.829623	16.053291	0.028528	0.015518
5.968450	16.015467	0.158847	0.025433
6.994579	16.053140	0.259634	0.020713
8.123200	16.082469	0.359888	0.029630
9.152136	16.053255	0.254747	0.014328
10.292055	16.100201	0.263867	0.125881
11.325020	15.943692	-0.254948	0.125628
12.248234	16.029558	0.044677	0.028047
13.374151	16.045660	0.086666	0.040176
14.422997	-16.050813	-0.125655	0.023033
16.047984	-15.289577	0.068343	0.008915
-15.021634	-15.344146	0.076782	0.013420
-13.967506	-15.377409	0.092118	0.021424
-12.847324	-15.428989	0.057478	0.014977
-11.768053	-15.412525	0.202256	0.014199
-10.687990	-15.468166	0.064877	0.016255
-9.639517	-15.444399	0.342370	0.011902
-8.565863	-15.364613	0.299293	0.009396
-7.529181	-15.345093	-0.005314	0.018009
-6.499988	-15.311211	-0.134800	0.027934
-5.411628	-15.380750	0.070537	0.011548
-4.371332	-15.359728	0.116379	0.017895
-3.413278	-15.263314	-0.135380	0.095548
-2.206477	-15.333706	-0.084098	0.035457
-1.185150	-15.288806	-0.034076	0.007636
-0.128811	-15.289606	-0.102238	0.007592
0.948607	-15.304042	0.130190	0.016076
2.111814	-15.324347	0.145013	0.022750
3.119502	-15.303263	0.079990	0.065071
4.227566	-15.351555	0.314195	0.030339
5.404757	-15.404295	0.229184	0.020623
6.415835	-15.439647	-0.125170	0.023352
7.559450	-15.492535	-0.234587	0.050900
8.691539	-15.357025	-0.237733	0.078511
9.739313	-15.431491	-0.149844	0.027889
10.709603	-15.415737	-0.263153	0.029972
11.765311	-15.382110	0.028701	0.030033
12.799166	-15.416829	-0.178491	0.035777
13.845189	-15.242321	-0.183928	0.047176
14.964347	-15.252207	-0.104529	0.006598
15.497663	-14.391711	-0.263839	0.063706
-15.523826	-14.510065	0.166885	0.024876
-14.432002	-14.523867	0.187969	0.005450
-13.391755	-14.544110	-0.004734	0.006357
-12.283823	-14.607017	0.034143	0.006950
-11.197248	-14.645176	-0.055117	0.009051
-10.115676	-14.627365	-0.089346	0.015302
-9.050775	-14.656862	-0.088051	0.045955
-8.092273	-14.525744	0.070592	0.024677
-6.974849	-14.456902	-0.082750	0.044498
-5.917113	-14.561238	0.038144	0.015288
-4.856127	-14.524622	0.051337	0.011447
-3.926439	-14.493825	0.276027	0.050863
-2.775400	-14.546914	-0.067963	0.039096
-1.694507	-14.473446	-0.228670	0.015714
-0.672644	-14.505838	0.102367	0.014242
0.369277	-14.559294	0.248213	0.035021
1.546974	-14.505893	0.191940	0.006979
2.677080	-14.459088	0.122707	0.034959
3.725375	-14.515148	0.184250	0.013924
4.859425	-14.536887	-0.004416	0.021695
5.896083	-14.626021	0.253772	0.014422
6.984608	-14.675886	0.058483	0.018415
8.013890	-14.692440	0.179657	0.055954
9.160928	-14.732875	0.256514	0.044037
10.198160	-14.643536	0.099280	0.017268
11.227610	-14.704376	0.143894	0.066658
12.274135	-14.620952	-0.102983	0.031663
13.386572	-14.531958	0.123580	0.016186
14.455672	-14.408646	0.022147	0.019784
-15.928138	-13.771131	-0.198642	0.080789
-14.897966	-13.712946	0.027714	0.015984
-13.903867	-13.719187	0.204504	0.007724
-12.818391	-13.732014	0.267270	0.009710
-11.780368	-13.773566	0.131628	0.016956
-10.634865	-13.814400	-0.209873	0.022363
-9.652882	-13.883340	-0.002833	0.067537
-8.612102	-13.774760	0.069112	0.018456
-7.556356	-13.739028	0.149064	0.010731
-6.460821	-13.709035	-0.171596	0.011431
-5.345322	-13.738436	-0.185479	0.035126
-4.322882	-13.699533	-0.191744	0.036215
-3.373150	-13.652924	-0.116892	0.036586
-2.250026	-13.672307	-0.238622	0.008191
-1.084785	-13.662650	-0.149873	0.046700
-0.081693	-13.747455	-0.415439	0.013056
0.972132	-13.755017	-0.245751	0.015414
2.081288	-13.660440	-0.034883	0.019294
3.150824	-13.716465	-0.118565	0.012472
4.232880	-13.685359	-0.161698	0.015154
5.387024	-13.774433	-0.141236	0.019864
6.489077	-13.758737	-0.104876	0.036178
7.492763	-13.804878	0.289233	0.048492
8.571121	-14.003190	0.125825	0.087602
9.714405	-13.882918	0.118167	0.019015
10.756551	-13.866803	0.163875	0.023693
11.878910	-13.756261	0.230000	0.100097
12.862612	-13.769054	0.305051	0.033348
13.920625	-13.559732	0.131453	0.089837
15.005515	-13.633871	-0.101314	0.020068
15.669038	-12.906781	-0.487927	0.044913
-15.397512	-12.914627	-0.035560	0.011648
-14.423368	-12.877037	0.242013	0.002482
-13.415861	-12.847517	0.154991	0.042039
-12.274498	-12.957880	0.324970	0.022271
-11.186039	-12.995027	0.040357	0.024518
-10.152205	-12.957757	-0.064026	0.016366
-9.117785	-12.895966	-0.152182	0.029881
-8.080690	-12.936216	0.135675	0.008528
-6.951779	-12.914481	0.124487	0.012397
-5.926225	-12.893020	0.191091	0.017999
-4.932831	-12.802854	-0.171508	0.047801
-3.838075	-12.789685	-0.124896	0.033128
-2.768238	-12.861665	0.056999	0.008923
-1.684646	-12.845196	-0.120516	0.010493
-0.608461	-12.904316	-0.187576	0.019549
0.445196	-12.912117	-0.193923	0.009063
1.544410	-12.934576	-0.162143	0.009960
2.597928	-12.876476	-0.288820	0.022178
3.625909	-12.859564	-0.466701	0.054726
4.814621	-12.895739	-0.268190	0.021475
5.848361	-12.951079	0.157365	0.028836
7.060536	-12.997358	0.124674	0.075753
8.088715	-13.143116	-0.013228	0.053090
9.193751	-13.125874	0.190131	0.026786
10.185318	-13.050942	0.045551	0.013238
11.243818	-13.068874	-0.112241	0.027437
12.326472	-12.991972	0.011264	0.010850
13.369633	-12.894929	-0.108807	0.011041
14.448012	-12.840057	-0.436273	0.028910
-15.961111	-12.119660	-0.087020	0.019653
-14.956785	-12.031225	-0.021684	0.026366
-13.949519	-12.056196	-0.022907	0.022125
-12.892624	-12.155456	-0.201510	0.013594
-11.824882	-12.140076	-0.031376	0.015352
-10.744700	-12.157776	0.182848	0.016857
-9.609516	-12.061866	-0.019315	0.052056
-8.626940	-12.118623	0.255002	0.029620
-7.503822	-12.136795	0.161139	0.013788
-6.374102	-12.023762	0.028365	0.051274
-5.428296	-12.049678	0.515228	0.016248
-4.359186	-12.007143	0.256934	0.008078
-3.203525	-12.031230	0.073204	0.035242
-2.191360	-12.034277	0.210466	0.006657
-1.122266	-11.984246	-0.094107	0.028443
-0.075981	-11.989861	-0.228868	0.082796
1.010422	-12.132929	0.032009	0.031024
2.143001	-12.109902	0.024486	0.010338
3.201602	-12.171887	0.061761	0.039993
4.198468	-12.076396	-0.163145	0.051027
5.283093	-12.103642	-0.023987	0.023161
6.365913	-12.056558	0.168252	0.095604
7.510627	-12.277421	0.189903	0.057748
8.621416	-12.238118	0.091441	0.007397
9.709132	-12.250012	0.234494	0.031287
10.644655	-12.175798	0.123486	0.048975
11.713876	-12.267806	-0.107162	0.039213
12.839979	-12.160038	-0.038059	0.009014
13.928870	-12.098520	-0.135916	0.012558
15.100269	-12.080003	-0.200651	0.067025
15.454461	-11.326040	0.294765	0.031009
-15.502371	-11.311172	0.173203	0.039427
-14.574030	-11.276453	-0.117269	0.044449
-13.511618	-11.397264	-0.080347	0.044336
-12.429821	-11.393305	0.251725	0.030050
-11.321118	-11.428282	0.148470	0.058866
-10.298250	-11.289637	0.198218	0.056216
-9.140702	-11.161621	0.352292	0.182104
-8.051141	-11.365593	0.145200	0.064414
-6.957204	-11.246145	0.327342	0.017776
-5.928939	-11.202688	0.244348	0.022918
-4.895755	-11.255193	0.212553	0.021543
-3.760149	-11.260045	0.036501	0.021541
-2.733770	-11.224608	0.053750	0.011235
-1.609394	-11.183173	-0.071689	0.029534
-0.529107	-11.277629	-0.116125	0.011060
0.592474	-11.350570	-0.176325	0.054216
1.645460	-11.291167	-0.217131	0.027394
2.740806	-11.299069	0.090862	0.043221
3.783697	-11.350295	0.276216	0.027860
4.764080	-11.423357	0.389891	0.045038
5.849570	-11.321271	0.405738	0.014240
6.934849	-11.345761	0.396052	0.034404
8.016700	-11.378291	0.146370	0.021979
9.089308	-11.404085	0.409688	0.005622
10.141570	-11.422208	-0.032029	0.011419
11.164555	-11.435078	0.178429	0.015277
12.261883	-11.374924	-0.046349	0.032782
13.418496	-11.384020	0.021870	0.040556
14.458087	-11.389750	0.019005	0.042219
15.937817	-10.505412	0.237436	0.020521
-15.146067	-10.503731	-0.182017	0.064118
-14.023150	-10.613333	-0.101219	0.028336
-12.915570	-10.555386	0.033121	0.013602
-11.794533	-10.560308	0.089574	0.031687
-10.754808	-10.504223	-0.110180	0.029002
-9.707790	-10.513802	-0.037749	0.032524
-8.625099	-10.628379	-0.242949	0.122987
-7.563463	-10.534779	-0.179918	0.016399
-6.450017	-10.474105	-0.278036	0.011139
-5.376167	-10.480707	-0.077574	0.019794
-4.250575	-10.403393	0.071589	0.069525
-3.263370	-10.491661	0.262963	0.040148
-2.192783	-10.427187	0.150752	0.030223
-1.036317	-10.495575	0.117949	0.009487
0.029998	-10.522931	0.223173	0.003821
1.083615	-10.563763	0.211778	0.015789
2.211165	-10.608272	-0.239422	0.022667
3.257803	-10.676317	-0.173032	0.062311
4.319971	-10.619956	-0.085648	0.038007
5.301724	-10.608680	0.130362	0.022100
6.416396	-10.636723	-0.197261	0.021667
7.440126	-10.657280	-0.097839	0.041003
8.540468	-10.598396	-0.102069	0.012350
9.562475	-10.633340	-0.143317	0.007999
10.578758	-10.689398	-0.331871	0.022129
11.610562	-10.659219	-0.184756	0.068601
12.877609	-10.669989	-0.326766	0.108834
13.820909	-10.514975	-0.091232	0.053302
14.887789	-10.544875	0.040556	0.011076
15.433822	-9.726621	0.267466	0.006513
-15.602855	-9.716813	0.335123	0.010838
-14.527686	-9.821486	0.162924	0.041238
-13.397717	-9.804226	0.207827	0.037668
-12.402108	-9.746078	-0.076260	0.035909
-11.264161	-9.825199	0.045974	0.064898
-10.268313	-9.713435	0.198920	0.038475
-9.121549	-9.726129	-0.130718	0.015958
-8.091627	-9.694106	-0.141277	0.014041
-7.001847	-9.705650	-0.093600	0.008840
-5.861408	-9.628415	-0.126964	0.052818
-4.810260	-9.743824	-0.339412	0.070084
-3.610759	-9.731101	-0.118198	0.084239
-2.651809	-9.739630	-0.012589	0.023681
-1.561599	-9.696758	0.075730	0.021832
-0.483434	-9.727482	0.344804	0.009255
0.600428	-9.732772	0.506620	0.007160
1.605466	-9.779919	0.134572	0.031358
2.700414	-9.841802	0.094436	0.023367
3.680306	-9.787719	-0.074266	0.035368
4.766437	-9.764781	-0.079913	0.014417
5.882682	-9.814182	0.201759	0.013402
6.935562	-9.812875	0.144332	0.008785
7.965684	-9.747565	0.156596	0.018874
9.023854	-9.752061	0.165378	0.024904
10.083472	-9.879069	-0.155493	0.022755
11.093704	-9.827381	-0.218047	0.031134
12.274186	-9.851410	-0.279092	0.042922
13.281947	-9.824203	-0.180977	0.012055
14.302102	-9.725138	-0.096494	0.021083
15.973180	-8.892524	0.133151	0.014451
-15.056598	-8.923756	-0.031629	0.012087
-14.013247	-8.936546	0.116242	0.013699
-12.904633	-8.932407	-0.079811	0.016910
-11.771722	-8.988241	-0.103330	0.038035
-10.693286	-8.886854	-0.196505	0.019528
-9.669679	-8.895367	0.076976	0.014465
-8.557822	-8.899621	0.131021	0.016675
-7.544869	-8.870765	0.046799	0.016380
-6.455267	-8.914818	0.056104	0.043759
-5.197379	-8.912741	0.063400	0.107769
-4.169894	-8.873504	-0.025807	0.028660
-3.115158	-8.897321	0.114470	0.018941
-2.078326	-8.977866	0.048336	0.053927
-1.100810	-8.976764	0.475741	0.049688
0.090157	-8.933461	0.442889	0.019224
1.200126	-8.905471	0.169110	0.057261
2.231168	-8.983625	0.104708	0.019018
3.252781	-8.999116	-0.023544	0.012192
4.190434	-8.944351	-0.092896	0.063346
5.330788	-8.976156	0.088211	0.018351
6.355909	-8.938231	0.040789	0.023686
7.434378	-8.925723	0.147819	0.023972
8.450028	-8.997784	0.000078	0.009319
9.509256	-9.030748	-0.131906	0.016261
10.594226	-9.071107	0.036672	0.013174
11.682998	-9.085063	-0.024980	0.015549
12.727208	-9.024164	0.142479	0.001687
13.748623	-8.997448	-0.028930	0.015450
14.864769	-8.958368	0.179807	0.007942
15.436180	-8.092399	0.212285	0.022376
-15.620670	-8.164674	0.375642	0.031153
-14.528095	-8.094272	0.088451	0.007552
-13.410766	-8.077967	0.008776	0.016659
-12.293788	-8.150503	-0.120221	0.034337
-11.218570	-8.024962	-0.203509	0.082000
-10.104053	-8.059072	-0.348613	0.095599
-9.157201	-8.065812	-0.115201	0.064779
-8.049511	-8.066344	-0.166391	0.009520
-6.891542	-8.075263	0.084526	0.049821
-5.884207	-8.172041	0.029407	0.060047
-4.755932	-8.117718	0.189059	0.009875
-3.675732	-8.085988	0.207813	0.015438
-2.656373	-7.987747	0.038211	0.076385
-1.579909	-8.133697	-0.041062	0.023165
-0.520691	-8.206410	0.072242	0.029866
0.568887	-8.174534	0.040092	0.023001
1.653079	-8.083624	-0.038805	0.041204
2.749618	-8.139312	-0.095296	0.006823
3.791998	-8.146710	0.178607	0.015178
4.849901	-8.240228	-0.232797	0.047586
5.850044	-8.172943	-0.278972	0.007114
6.892212	-8.204726	-0.190093	0.023866
7.890387	-8.151100	-0.270032	0.027775
8.983936	-8.209779	0.006854	0.008493
10.105010	-8.183780	0.074370	0.023197
11.139434	-8.302634	0.198068	0.034177
12.185596	-8.240189	0.270572	0.008551
13.193650	-8.181197	0.428697	0.031705
14.317548	-8.134368	0.167048	0.009594
16.029880	-7.344049	0.115709	0.053641
-15.106692	-7.299100	0.216923	0.022310
-13.997281	-7.296917	-0.186704	0.009575
-12.852101	-7.325158	-0.193224	0.023358
-11.824413	-7.322559	0.064408	0.021496
-10.758116	-7.370379	0.165453	0.035667
-9.663743	-7.489253	0.315357	0.172962
-8.573811	-7.287641	0.115482	0.027042
-7.466621	-7.234772	-0.123726	0.029233
-6.454784	-7.248930	-0.125678	0.040326
-5.406462	-7.297232	-0.142061	0.032270
-4.316571	-7.246488	0.142942	0.019586
-3.246525	-7.266366	-0.197161	0.035899
-2.211292	-7.208269	-0.230581	0.078474
-1.026905	-7.369077	0.088143	0.045972
0.056849	-7.319739	0.093998	0.029751
1.101581	-7.343194	0.063948	0.014822
2.276103	-7.316289	0.015758	0.048028
3.306924	-7.339059	-0.047659	0.007912
4.352016	-7.347329	-0.076255	0.014522
5.367620	-7.408533	-0.087683	0.017249
6.403110	-7.362344	0.017516	0.004300
7.460165	-7.341280	0.082942	0.008361
8.443890	-7.326830	0.142116	0.024814
9.565291	-7.389503	0.203963	0.004342
10.675483	-7.408643	0.005016	0.018460
11.694276	-7.409104	0.430265	0.013981
12.773861	-7.415929	0.441108	0.016680
13.792871	-7.417933	0.217388	0.014865
14.851320	-7.333614	0.208086	0.016032
15.412292	-6.610384	0.049434	0.029371
-15.610541	-6.535507	-0.039275	0.011827
-14.533165	-6.408143	0.064264	0.046397
-13.425136	-6.475625	-0.021484	0.018831
-12.396819	-6.642727	0.248888	0.120677
-11.344803	-6.481714	0.174694	0.061963
-10.272375	-6.575780	0.148554	0.013218
-9.170786	-6.593035	0.166839	0.024618
-8.083041	-6.516955	0.193758	0.011045
-6.911638	-6.512610	0.261044	0.034451
-5.867979	-6.509047	0.389162	0.026903
-4.827689	-6.430733	0.055853	0.007155
-3.762672	-6.346793	0.167203	0.048867
-2.681397	-6.462300	0.254685	0.015420
-1.637680	-6.507255	-0.009205	0.025407
-0.551895	-6.486898	-0.203420	0.030622
0.512378	-6.589932	-0.202746	0.023537
1.603939	-6.538921	-0.270276	0.009883
2.732791	-6.489335	-0.373279	0.008299
3.812598	-6.492082	-0.459588	0.011280
4.775935	-6.562527	-0.138772	0.036104
5.875383	-6.555750	0.003164	0.004784
6.959733	-6.567438	0.249089	0.016517
7.983066	-6.508865	0.368178	0.022109
9.010372	-6.603882	0.328806	0.027886
10.132421	-6.576964	-0.046099	0.013780
11.194534	-6.676779	0.151095	0.044732
12.253631	-6.601139	0.017955	0.014797
13.254280	-6.642315	-0.062975	0.037087
14.293456	-6.586041	0.124752	0.029463
15.898002	-5.739183	-0.211928	0.004990
-15.078432	-5.699753	-0.309672	0.012393
-14.024692	-5.647016	-0.227776	0.019856
-12.860196	-5.689742	0.037085	0.037224
-11.844122	-5.773726	-0.218997	0.041925
-10.822515	-5.754315	-0.213706	0.031113
-9.718436	-5.727978	0.032055	0.013051
-8.645594	-5.742720	0.349091	0.015703
-7.537927	-5.735456	0.122627	0.018837
-6.446336	-5.691219	0.268171	0.008422
-5.387550	-5.624853	0.341204	0.013386
-4.331479	-5.600342	0.023410	0.020745
-3.192162	-5.599725	-0.037406	0.013973
-2.154476	-5.680186	0.335459	0.007308
-1.189823	-5.775326	0.143761	0.076448
-0.099945	-5.749574	0.164370	0.033120
1.029478	-5.757948	0.050998	0.010704
2.164368	-5.681727	-0.238483	0.009659
3.276524	-5.650685	-0.350648	0.022545
4.303315	-5.705741	0.083423	0.013354
5.378530	-5.755552	0.054374	0.007492
6.414189	-5.738563	-0.169810	0.005602
7.447018	-5.656947	0.145145	0.055742
8.584812	-5.749467	0.216137	0.017118
9.629682	-5.797441	0.059028	0.011822
10.725307	-5.811494	-0.040608	0.028446
11.695855	-5.765156	0.265646	0.034971
12.824759	-5.814167	0.170536	0.029272
13.881252	-5.712900	-0.108385	0.055930
14.827604	-5.747630	0.041115	0.018884
15.350117	-4.925591	-0.002629	0.025501
-15.678605	-4.880684	-0.154573	0.042254
-14.603253	-4.860708	-0.190413	0.050555
-13.410928	-4.870148	-0.069953	0.028915
-12.416785	-4.860570	-0.027914	0.046458
-11.283749	-4.862929	-0.127608	0.020185
-10.166014	-4.941849	-0.274017	0.034216
-9.096551	-4.929892	-0.076531	0.032246
-8.054577	-4.850677	0.135198	0.038135
-6.964099	-4.857261	0.226919	0.019377
-5.913512	-4.880172	0.072123	0.008394
-4.792134	-4.812424	0.212483	0.015531
-3.710110	-4.829522	-0.075879	0.025159
-2.654273	-4.837320	0.196621	0.012426
-1.598550	-4.865618	0.147257	0.026811
-0.576436	-5.001629	-0.101474	0.050202
0.523926	-5.014939	-0.288088	0.042524
1.602725	-4.922144	-0.578566	0.017679
2.727778	-4.936925	-0.472081	0.044752
3.747483	-4.894270	-0.118428	0.022280
4.914056	-4.899275	-0.187505	0.033808
5.916899	-4.925108	-0.189343	0.005946
6.966008	-4.900053	0.009991	0.009658
8.069020	-4.944112	-0.042850	0.015193
9.127364	-4.920521	0.026712	0.021317
10.153020	-5.024574	0.191298	0.061469
11.211610	-4.963540	0.062252	0.016102
12.298825	-4.983930	0.138766	0.019952
13.313005	-4.981454	-0.063753	0.020997
14.375880	-4.903922	-0.048232	0.017019
16.002349	-4.103677	-0.203076	0.017005
-15.016133	-4.181186	0.156149	0.058495
-13.963409	-4.108416	0.152442	0.019734
-12.845731	-4.003113	-0.128914	0.054624
-11.781730	-4.082255	-0.095215	0.020555
-10.677069	-4.015113	-0.208726	0.064359
-9.685901	-4.125735	0.115072	0.022209
-8.665433	-4.119997	0.101710	0.033714
-7.544179	-4.111173	-0.137788	0.013791
-6.426482	-4.124751	-0.082787	0.011229
-5.353910	-4.108138	-0.133138	0.013126
-4.247687	-4.034250	0.136331	0.018216
-3.260694	-3.939847	0.245383	0.051742
-2.157665	-4.024344	-0.002859	0.007151
-1.134226	-4.022310	-0.025217	0.038066
-0.078056	-4.156425	-0.135083	0.021398
0.993616	-4.119395	-0.284266	0.023546
2.048246	-4.120171	-0.379707	0.040812
3.180322	-4.023383	-0.451167	0.044407
4.291849	-4.097462	-0.153466	0.012344
5.427152	-4.046986	-0.236878	0.016098
6.493704	-4.070298	-0.187187	0.010650
7.516923	-4.077203	0.117589	0.012162
8.648684	-4.161628	0.070269	0.041951
9.712487	-4.049356	0.042956	0.049335
10.698347	-4.049183	0.252104	0.031694
11.783984	-4.088339	0.029482	0.013378
12.777342	-4.085429	-0.271527	0.018148
13.862682	-4.151283	-0.274517	0.029502
14.891216	-4.045258	-0.327842	0.045247
15.504204	-3.336678	0.111929	0.008502
-15.543481	-3.372108	-0.223063	0.026651
-14.529514	-3.309749	-0.110396	0.007628
-13.447515	-3.296456	-0.033540	0.017312
-12.294612	-3.274369	-0.120143	0.018260
-11.274641	-3.319057	0.033929	0.034820
-10.199698	-3.211620	0.032961	0.040219
-9.154818	-3.247147	0.061683	0.011958
-8.125375	-3.229386	0.030029	0.035349
-6.999338	-3.295889	-0.199104	0.005605
-5.938407	-3.320419	0.036095	0.018190
-4.849025	-3.237088	-0.070645	0.006564
-3.739158	-3.159585	-0.097495	0.032847
-2.708536	-3.180007	-0.344734	0.014974
-1.650165	-3.225874	-0.365296	0.010465
-0.608747	-3.302783	-0.123490	0.010731
0.469923	-3.380601	-0.205625	0.034253
1.598553	-3.317109	-0.331748	0.020273
2.583117	-3.289454	-0.149375	0.042354
3.737817	-3.272546	-0.193332	0.007160
4.869776	-3.266029	-0.140568	0.012700
5.919736	-3.207918	0.058183	0.016646
7.002072	-3.265381	0.025218	0.005818
8.089683	-3.285367	0.034925	0.009524
9.133348	-3.287436	-0.130300	0.032338
10.249542	-3.225381	0.195410	0.013416
11.318016	-3.250103	0.151004	0.023198
12.278595	-3.279199	0.020339	0.003765
13.259570	-3.288348	0.002649	0.042492
14.431422	-3.298576	0.138982	0.016409
-15.958883	-2.548707	0.105985	0.087603
-15.059184	-2.494240	-0.001770	0.041448
-13.970800	-2.446927	-0.178173	0.027582
-12.894050	-2.469263	-0.088387	0.011388
-11.773985	-2.478825	-0.207297	0.006196
-10.684353	-2.504076	0.089737	0.029033
-9.676060	-2.457530	-0.258777	0.021428
-8.555063	-2.448021	-0.462268	0.021525
-7.525161	-2.469833	-0.123061	0.011167
-6.418302	-2.488791	0.159777	0.015308
-5.361924	-2.461039	0.258829	0.013761
-4.328648	-2.415180	-0.061604	0.020492
-3.284459	-2.456172	0.193500	0.033797
-2.244983	-2.366540	-0.130613	0.048555
-1.191803	-2.509829	-0.054852	0.035735
-0.067341	-2.477279	-0.058356	0.010101
1.062222	-2.478404	-0.307158	0.022270
2.163396	-2.432239	-0.368952	0.055993
3.187085	-2.410981	-0.060274	0.024644
4.311065	-2.452752	-0.233273	0.018777
5.332563	-2.469098	-0.193946	0.017357
6.398759	-2.424722	0.091317	0.019958
7.545686	-2.468516	0.362104	0.010916
8.690715	-2.422121	0.146577	0.049913
9.772799	-2.456183	0.025401	0.056695
10.776351	-2.422505	-0.268558	0.010713
11.771912	-2.429042	0.165072	0.005166
12.789623	-2.423923	-0.153008	0.017732
13.898826	-2.504671	0.007613	0.013983
15.023827	-2.496419	0.034826	0.013905
15.514518	-1.646553	0.238781	0.022638
-15.547591	-1.649328	0.398611	0.044016
-14.476037	-1.769017	0.147515	0.044125
-13.396801	-1.724840	-0.151024	0.013090
-12.303240	-1.700975	-0.138350	0.010497
-11.239860	-1.659054	-0.052353	0.007753
-10.135589	-1.588026	-0.061377	0.048180
-9.070860	-1.680393	0.059718	0.028561
-8.077394	-1.603947	0.004674	0.036996
-7.017429	-1.694551	0.068715	0.037624
-5.934003	-1.653839	0.051528	0.013347
-4.858064	-1.514496	-0.093712	0.046857
-3.778675	-1.578385	0.055779	0.006646
-2.779820	-1.654703	-0.068241	0.048878
-1.722601	-1.669963	0.228631	0.032582
-0.605348	-1.676480	0.024378	0.016485
0.452754	-1.666426	-0.319432	0.013226
1.483348	-1.636658	-0.081834	0.049022
2.591800	-1.663045	-0.048500	0.022833
3.697485	-1.589951	0.123420	0.035064
4.743278	-1.659334	-0.165795	0.027617
5.882352	-1.578026	-0.121601	0.052484
6.987629	-1.650432	-0.120421	0.033299
8.033514	-1.626780	0.250387	0.023878
9.114181	-1.617144	0.297213	0.030488
10.164114	-1.650852	-0.050720	0.025613
11.265983	-1.631168	-0.077086	0.008690
12.309067	-1.605108	-0.083189	0.009573
13.407798	-1.639000	0.242302	0.014145
14.460487	-1.644815	0.027275	0.007111
-16.013075	-0.878751	-0.025329	0.029164
-14.991342	-0.917267	0.236182	0.023224
-13.982736	-0.914487	0.180422	0.023395
-12.844592	-0.895336	-0.001673	0.014323
-11.834035	-0.882511	0.087793	0.022492
-10.691186	-0.862449	-0.235789	0.005754
-9.593088	-0.859413	-0.293469	0.016297
-8.605968	-0.905102	-0.254033	0.042127
-7.631489	-0.723589	-0.064400	0.117550
-6.487569	-0.772437	0.081739	0.030102
-5.431016	-0.778583	-0.065491	0.012453
-4.303243	-0.710238	0.013981	0.022774
-3.199524	-0.719659	0.051287	0.042387
-2.124546	-0.816525	0.135567	0.053903
-1.258395	-0.917218	-0.180633	0.145668
-0.069849	-0.824184	-0.049779	0.031394
1.023543	-0.909737	-0.415646	0.031543
2.073188	-0.860108	-0.389653	0.010485
3.168169	-0.907130	-0.493383	0.027285
4.198267	-0.850233	-0.355092	0.018559
5.300658	-0.796996	-0.324470	0.026073
6.300231	-0.892816	0.012236	0.074500
7.443461	-0.798471	0.008044	0.052957
8.514165	-0.960219	-0.110783	0.092820
9.655148	-0.836772	-0.007819	0.033322
10.730705	-0.839048	-0.018814	0.014687
11.832054	-0.761341	-0.067471	0.047175
12.835222	-0.850935	-0.149782	0.033830
13.945309	-0.787051	0.073585	0.023004
14.980333	-0.871910	-0.268676	0.017898
15.440572	-0.082631	0.008700	0.057211
-15.495139	-0.019978	0.205961	0.043755
-14.531867	-0.008451	-0.097367	0.054330
-13.378171	-0.108513	0.018415	0.036296
-12.375846	-0.021671	0.181355	0.068614
-11.239006	-0.079312	0.019805	0.011467
-10.190420	-0.084750	0.212538	0.014893
-9.123587	-0.070311	0.071173	0.007638
-8.081624	-0.038923	0.074754	0.017954
-6.986938	0.106221	-0.057736	0.084644
-5.990672	-0.051727	0.066160	0.058524
-4.906339	0.018281	0.152043	0.010184
-3.769417	0.010178	-0.041244	0.006726
-2.666738	0.069441	0.014382	0.042830
-1.651410	-0.010673	0.023373	0.029868
-0.581298	-0.074761	-0.250818	0.037693
0.493637	-0.038381	-0.173258	0.015861
1.496228	-0.094353	-0.101429	0.035549
2.612286	-0.079742	-0.082928	0.014783
3.623935	-0.098847	-0.067178	0.059990
4.786633	0.019226	-0.253320	0.028280
5.796772	-0.014066	-0.041073	0.006780
6.860201	-0.075572	-0.241977	0.025364
7.971818	-0.065647	0.069557	0.016006
9.022477	-0.102337	-0.167729	0.030789
10.104081	-0.120263	-0.009745	0.043623
11.212881	-0.060074	0.064956	0.025108
12.367556	0.021025	0.054502	0.033139
13.322122	0.011807	0.122294	0.063473
14.474178	0.025116	-0.071265	0.033584
16.012166	0.699050	-0.249317	0.046853
-15.025348	0.796566	-0.216532	0.036491
-13.964097	0.715592	-0.324891	0.015509
-12.862588	0.678518	-0.139078	0.025268
-11.697920	0.693162	-0.205813	0.049805
-10.630607	0.671270	-0.398320	0.032005
-9.627785	0.682518	-0.166037	0.027615
-8.587117	0.737840	-0.264006	0.019649
-7.503557	0.836839	-0.284252	0.020032
-6.549306	0.884604	-0.344188	0.076121
-5.428109	0.736124	-0.067214	0.051257
-4.375555	0.751786	-0.013156	0.017049
-3.292690	0.768791	-0.251460	0.021255
-2.162981	0.754980	-0.322124	0.026897
-1.181404	0.812739	-0.368698	0.047682
-0.075915	0.753225	-0.261660	0.012948
1.000835	0.810473	-0.227306	0.037163
2.106939	0.796811	-0.155078	0.027395
3.215273	0.771618	-0.282110	0.028575
4.237517	0.791196	0.045194	0.014662
5.316174	0.827924	0.095292	0.018349
6.354240	0.736824	0.053079	0.024675
7.404479	0.836106	-0.036904	0.037634
8.514025	0.782439	-0.244540	0.010568
9.634126	0.733074	-0.134277	0.022040
10.710349	0.698246	0.153272	0.033338
11.844653	0.805705	-0.160243	0.023167
12.916714	0.834534	-0.257444	0.027119
13.995178	0.843111	-0.252770	0.045942
14.967009	0.771497	-0.239487	0.010533
15.506692	1.618971	0.003253	0.020358
-15.534457	1.589137	0.109061	0.028539
-14.446422	1.466137	0.057749	0.056430
-13.478993	1.495823	-0.159048	0.023321
-12.385242	1.423289	-0.148964	0.028420
-11.183612	1.473434	-0.279542	0.046609
-10.214207	1.498192	-0.269517	0.004117
-9.260771	1.463593	0.108278	0.061851
-8.073373	1.549451	0.231216	0.013976
-6.961584	1.686078	0.082082	0.041489
-5.900784	1.689351	0.012606	0.041171
-4.874292	1.606659	0.092698	0.007829
-3.833974	1.559820	0.188123	0.013113
-2.671298	1.558178	-0.025760	0.036427
-1.668008	1.577240	-0.086424	0.038612
-0.577110	1.519580	-0.003927	0.022155
0.474043	1.535393	-0.013904	0.013427
1.508276	1.508767	0.132591	0.047537
2.649242	1.624851	0.074671	0.035069
3.690709	1.569742	0.073967	0.014838
4.757590	1.582942	-0.073065	0.021969
5.827363	1.571470	-0.108613	0.019612
6.875093	1.584955	-0.007179	0.018055
7.990515	1.605622	-0.057466	0.032531
9.003587	1.560618	-0.023078	0.019404
10.156001	1.614670	-0.011785	0.027404
11.231033	1.604156	0.038447	0.015777
12.342547	1.749249	-0.063876	0.066514
13.405121	1.648658	-0.114172	0.007926
14.441640	1.618021	0.035339	0.013618
-16.005533	2.333256	-0.254314	0.051032
-14.939790	2.335438	-0.051744	0.029617
-14.017676	2.326716	0.117784	0.031024
-12.932862	2.228773	-0.146122	0.006480
-11.863379	2.208455	-0.017273	0.032489
-10.794984	2.296504	-0.070315	0.028248
-9.784583	2.291337	0.120152	0.008755
-8.754017	2.256690	0.045468	0.056182
-7.587412	2.431126	-0.043762	0.013149
-6.482930	2.468423	0.076438	0.010645
-5.367985	2.417425	0.389436	0.034793
-4.347796	2.399266	0.066562	0.017788
-3.300003	2.414253	-0.048700	0.037365
-2.150184	2.470713	0.054502	0.062393
-0.981088	2.311317	0.064664	0.122699
0.025965	2.387103	-0.212879	0.043104
1.069652	2.317885	-0.114840	0.024374
2.096259	2.345984	0.250236	0.015969
3.204868	2.350387	0.240598	0.038687
4.196484	2.454848	-0.028246	0.028863
5.382539	2.483486	-0.014194	0.069918
6.399094	2.430208	-0.039533	0.021920
7.373001	2.324395	-0.075582	0.040460
8.402400	2.363339	-0.150208	0.042062
9.537254	2.395947	-0.000151	0.010299
10.641801	2.368021	0.161285	0.016842
11.742579	2.475349	0.379097	0.008676
12.832548	2.508907	0.089839	0.013478
13.857897	2.490671	-0.088434	0.013103
14.965552	2.515726	-0.003899	0.050289
15.493968	3.259127	-0.317805	0.032645
-15.492655	3.137713	-0.033045	0.016559
-14.482791	3.129693	-0.298435	0.008920
-13.500385	3.090637	-0.233895	0.025169
-12.392411	3.003958	0.128532	0.026785
-11.254198	3.064470	0.285892	0.038462
-10.247534	3.120626	0.060071	0.021399
-9.269737	3.064668	-0.248670	0.025960
-8.227556	3.157291	-0.047309	0.030635
-7.079895	3.266094	-0.108571	0.043163
-5.965560	3.160921	-0.203717	0.062302
-4.954099	3.294284	0.095542	0.080003
-3.751938	3.264912	0.020059	0.020724
-2.634223	3.197423	-0.213999	0.047022
-1.576685	3.274227	0.005570	0.039531
-0.566817	3.188129	0.124926	0.038456
0.497470	3.112634	0.219657	0.036802
1.522145	3.117480	0.020952	0.052013
2.695958	3.208401	0.087694	0.034950
3.670093	3.254779	-0.079725	0.022547
4.697305	3.286604	-0.110052	0.034842
5.835674	3.316219	0.160267	0.031944
6.873502	3.156991	0.243347	0.031070
7.979447	3.107336	0.275167	0.056503
8.975753	3.118877	0.129952	0.028595
10.082457	3.147296	-0.077534	0.013829
11.195248	3.218593	0.003065	0.002515
12.289668	3.265886	0.095775	0.004020
13.333120	3.359350	-0.141404	0.042062
14.361296	3.266931	-0.255583	0.021674
-16.015788	3.908521	0.044108	0.079544
-14.977905	3.923896	-0.043340	0.015543
-13.909576	3.945210	0.194914	0.024260
-12.921949	3.912229	0.042469	0.014761
-11.864497	3.894599	0.232655	0.015631
-10.814365	3.866419	-0.150959	0.019096
-9.794806	3.948422	0.057969	0.032438
-8.723123	3.962554	0.192306	0.006052
-7.605835	3.956250	0.058827	0.030344
-6.549508	3.965927	-0.014123	0.052701
-5.400075	4.063933	0.033056	0.029351
-4.324523	4.116637	0.234153	0.018633
-3.213188	4.056011	0.109561	0.005947
-2.147432	4.076062	-0.000489	0.005432
-1.017104	4.109064	-0.017229	0.041482
0.018754	4.027174	-0.034851	0.012257
1.130520	3.952855	-0.043749	0.030020
2.129701	3.958699	0.088520	0.024791
3.282531	3.995799	0.209868	0.066321
4.222350	4.140846	0.158033	0.044179
5.282343	4.113281	0.105425	0.010669
6.322860	4.149397	-0.033957	0.072487
7.335435	3.966211	0.065772	0.049621
8.422978	3.970136	-0.001841	0.019480
9.558991	4.009821	-0.057162	0.017569
10.610884	3.994056	0.036505	0.011959
11.739742	4.035037	0.189415	0.006655
12.806818	4.064122	0.160568	0.012236
13.891897	4.073599	-0.145360	0.038527
14.893713	4.014353	0.047635	0.035425
15.410771	4.755793	-0.051957	0.061631
-15.546202	4.835488	-0.096879	0.051331
-14.454412	4.805071	0.163202	0.031296
-13.438215	4.701811	0.041595	0.017657
-12.436152	4.724042	0.125518	0.027676
-11.310573	4.641712	0.229372	0.016275
-10.236684	4.658788	0.150533	0.021079
-9.210310	4.801693	0.203092	0.018579
-8.143606	4.828214	0.207160	0.012588
-6.973404	4.857356	0.100012	0.039367
-6.023225	4.845689	0.375353	0.062113
-4.939730	4.926895	0.324646	0.048293
-3.779132	4.900839	0.017453	0.027583
-2.699962	4.887426	0.184062	0.023180
-1.645785	4.899100	0.110949	0.005847
-0.548765	4.899864	0.103808	0.030117
0.601580	4.781995	-0.113598	0.038173
1.641248	4.830566	-0.041324	0.021482
2.724611	4.782111	0.066326	0.040173
3.710216	4.898447	-0.075188	0.046879
4.838377	4.891286	-0.082495	0.043386
5.842968	4.882210	-0.229323	0.012747
6.859298	4.840106	-0.216437	0.022802
7.897860	4.876653	0.049134	0.044538
8.972638	4.760790	-0.067652	0.052348
10.122969	4.832185	0.001951	0.017165
11.153426	4.817323	-0.190553	0.007053
12.202950	4.863993	-0.107545	0.012535
13.256719	4.892038	-0.214845	0.026708
14.336282	4.944420	-0.130029	0.098408
16.000565	5.540490	0.153898	0.037549
-15.022422	5.569409	0.098115	0.014339
-13.935782	5.487873	-0.011599	0.022641
-12.897148	5.556369	-0.148998	0.020242
-11.821785	5.516694	0.022689	0.007321
-10.754401	5.475912	-0.140221	0.005688
-9.712340	5.503367	-0.114767	0.018108
-8.637794	5.619334	0.118895	0.012515
-7.497267	5.658660	0.092678	0.020403
-6.426811	5.763446	0.295645	0.042906
-5.358383	5.748920	0.442467	0.044521
-4.361062	5.669935	-0.080578	0.017486
-3.338567	5.542557	-0.066342	0.143389
-2.192124	5.701471	0.021702	0.023870
-1.116666	5.733643	0.016675	0.055916
0.017017	5.541925	0.019384	0.059593
1.034864	5.600007	0.043285	0.039251
2.175029	5.629474	0.170683	0.021720
3.132614	5.671028	-0.061355	0.058697
4.235832	5.596367	0.007411	0.083620
5.264914	5.689347	-0.085301	0.019098
6.344311	5.674809	0.182261	0.003966
7.422091	5.692945	0.029309	0.018781
8.581206	5.604327	-0.079945	0.063739
9.586528	5.633000	-0.235627	0.014123
10.640186	5.612088	-0.148292	0.007765
11.653700	5.658859	0.177956	0.014901
12.772394	5.617846	0.238557	0.023945
13.782881	5.608649	0.255646	0.041065
14.930890	5.606489	0.271882	0.020786
15.533834	6.419085	-0.019543	0.049449
-15.601626	6.439826	0.080822	0.035568
-14.489759	6.302804	0.076580	0.013087
-13.430161	6.274537	0.366832	0.013798
-12.383948	6.332765	0.161884	0.012181
-11.280797	6.296270	0.207834	0.009780
-10.231044	6.356229	0.103768	0.019645
-9.227574	6.341677	0.013783	0.034369
-8.061973	6.465556	0.167178	0.037416
-7.011873	6.549625	0.271321	0.049394
-5.857995	6.541507	0.089397	0.033145
-4.841342	6.431283	-0.016926	0.017388
-3.848053	6.432103	-0.059795	0.024533
-2.738495	6.487951	0.047415	0.025273
-1.573775	6.474077	0.103947	0.040074
-0.510338	6.400687	0.197602	0.022858
0.586185	6.347773	0.310640	0.018488
1.658726	6.400825	0.290514	0.014362
2.721512	6.447606	0.121646	0.025504
3.719444	6.548155	0.108158	0.052536
4.712851	6.544634	0.070385	0.052156
5.807610	6.481595	0.236939	0.005251
6.909544	6.472585	0.262983	0.002682
8.010884	6.439972	0.098528	0.013845
9.050780	6.432761	0.115508	0.018587
10.089632	6.445266	-0.232253	0.018390
11.129795	6.466682	0.024546	0.013508
12.238139	6.447896	-0.060117	0.007141
13.275517	6.483860	-0.051522	0.028110
14.406619	6.402759	-0.005945	0.017585
15.922375	7.284890	0.170142	0.070070
-15.101169	7.194593	0.354347	0.025674
-13.971754	7.044666	0.438897	0.055694
-12.884834	7.152419	0.160825	0.013225
-11.800158	7.156912	-0.055016	0.007997
-10.721315	7.103677	-0.032419	0.016617
-9.722643	7.097937	-0.311670	0.028319
-8.654076	7.206059	-0.097479	0.025857
-7.624855	7.168247	-0.298148	0.078867
-6.454796	7.235670	-0.349531	0.019606
-5.244853	7.223261	-0.297916	0.115502
-4.295123	7.225626	-0.327849	0.010541
-3.315827	7.303110	-0.073631	0.043038
-2.198301	7.243198	-0.168257	0.016252
-1.087995	7.323927	-0.136184	0.093814
0.004997	7.110463	-0.056745	0.050274
1.095608	7.122725	-0.174280	0.010551
2.139728	7.154290	-0.056568	0.015049
3.177809	7.248316	-0.414177	0.009885
4.250397	7.315123	-0.464525	0.020959
5.294648	7.244760	-0.210028	0.033440
6.405682	7.261346	-0.054294	0.008257
7.514060	7.216180	-0.099493	0.018970
8.525625	7.279168	0.233801	0.034372
9.685940	7.201404	0.200482	0.080773
10.678273	7.290912	-0.201228	0.020620
11.725230	7.295304	-0.107169	0.014150
12.780642	7.258952	0.003752	0.009771
13.917181	7.306502	0.116151	0.044697
14.935030	7.226142	-0.280698	0.045281
15.555461	8.118749	-0.202911	0.046083
-15.559400	8.055816	0.235607	0.029294
-14.459150	7.970218	0.090401	0.039016
-13.424980	7.876783	0.193503	0.046297
-12.365592	8.025813	-0.109075	0.046680
-11.299756	7.940125	-0.270831	0.010048
-10.234660	7.916905	-0.192447	0.017493
-9.166186	8.019030	-0.164243	0.011506
-8.043201	8.017753	0.003266	0.032925
-7.019876	7.899891	0.017981	0.060225
-5.932489	7.805668	0.000234	0.165261
-4.813529	7.967535	0.306338	0.022557
-3.789948	8.068855	0.160890	0.024982
-2.715052	8.008079	0.037251	0.018378
-1.669094	7.993824	0.103114	0.027340
-0.504923	8.016716	0.179033	0.045285
0.528947	7.961618	-0.120258	0.011596
1.609839	7.965997	0.022897	0.006480
2.651615	8.012490	-0.035909	0.018335
3.716420	7.988894	-0.221232	0.016679
4.849354	8.086195	-0.110050	0.024254
5.923470	8.147333	-0.312578	0.057024
6.992956	8.065586	-0.206113	0.004867
8.071033	8.031005	-0.070020	0.017200
9.035693	8.063693	-0.080769	0.050596
10.204917	8.104887	-0.118374	0.050287
11.146979	8.042321	0.107111	0.073054
12.276619	8.062440	0.186562	0.017466
13.346167	8.098977	0.046729	0.039968
14.528372	7.982474	0.031322	0.095260
-16.023004	8.982386	0.016998	0.110457
-15.008642	8.692369	-0.047981	0.117863
-13.979150	8.738112	-0.041710	0.022127
-12.968173	8.770145	-0.216396	0.039636
-11.828768	8.770311	-0.328089	0.012175
-10.702872	8.765037	-0.206612	0.037329
-9.728836	8.814301	0.143632	0.012193
-8.623346	8.870445	-0.119082	0.014094
-7.552265	8.841260	-0.057882	0.006784
-6.480480	8.755484	-0.114067	0.006176
-5.423553	8.694068	0.071800	0.033759
-4.320164	8.815310	0.121475	0.019081
-3.284551	8.788908	-0.078494	0.023520
-2.214701	8.845178	0.147469	0.008340
-1.163019	8.803768	0.239047	0.023972
-0.020232	8.737640	0.167457	0.035120
1.116968	8.772113	0.301957	0.018433
2.165376	8.872809	0.024112	0.038965
3.216367	8.742873	0.296712	0.035443
4.314535	8.778958	0.338156	0.015019
5.458776	8.818724	0.119463	0.047669
6.452429	8.864173	0.018542	0.030134
7.537466	8.869429	0.080777	0.005816
8.575880	8.844827	-0.144321	0.016054
9.629148	8.847967	-0.250694	0.009377
10.766430	8.898379	-0.176715	0.030635
11.767595	8.955691	-0.146348	0.050668
12.927207	8.856408	0.005543	0.046586
13.972245	8.838015	0.018545	0.020471
15.014617	8.872768	-0.041370	0.007052
15.518927	9.734479	0.085417	0.021525
-15.480131	9.722039	0.189033	0.064671
-14.467330	9.458336	-0.107949	0.153766
-13.422158	9.620008	0.048276	0.028786
-12.363845	9.624128	-0.036402	0.009504
-11.293852	9.644148	-0.225706	0.027529
-10.271589	9.587541	-0.148637	0.033221
-9.268505	9.663442	0.029386	0.063187
-8.069520	9.772654	0.061337	0.062661
-6.994314	9.655495	0.244710	0.009521
-6.001615	9.558297	0.028262	0.027715
-4.905944	9.623226	0.172651	0.016467
-3.858214	9.688781	-0.070278	0.045481
-2.814411	9.639358	0.265769	0.049480
-1.702886	9.679973	0.275288	0.044213
-0.555602	9.628235	-0.030994	0.007576
0.582348	9.628239	0.049747	0.019283
1.624165	9.686219	0.154809	0.030695
2.760064	9.656177	0.293320	0.028965
3.782441	9.585128	0.326147	0.023101
4.898556	9.673090	0.087265	0.009792
6.042595	9.715882	-0.031470	0.051730
7.017233	9.738052	-0.053440	0.009048
8.085828	9.758556	0.093517	0.039022
9.128684	9.595407	-0.102929	0.035096
10.236547	9.652535	0.142639	0.026495
11.336639	9.680832	0.104990	0.059386
12.390430	9.772799	-0.044308	0.040912
13.418974	9.704222	-0.057026	0.007504
14.503398	9.610049	-0.263983	0.036748
-16.031796	10.599041	0.176361	0.085108
-15.063360	10.467458	-0.132444	0.065625
-13.999647	10.377582	-0.193595	0.053375
-12.884927	10.425709	-0.138258	0.010082
-11.752332	10.390893	-0.057299	0.042166
-10.731665	10.424783	-0.210463	0.021286
-9.671243	10.488014	-0.068635	0.022742
-8.660008	10.542063	0.210208	0.042007
-7.548371	10.523932	0.323669	0.022290
-6.515293	10.480540	0.192821	0.033410
-5.465052	10.437606	-0.035164	0.031526
-4.389334	10.384565	-0.217938	0.060760
-3.253049	10.455826	-0.226164	0.034355
-2.160858	10.331671	0.015468	0.111046
-1.100041	10.462917	-0.017417	0.031959
-0.000993	10.393983	-0.031157	0.022504
1.097085	10.437988	-0.075473	0.006426
2.182253	10.408127	-0.039424	0.009557
3.318886	10.411708	-0.140724	0.032526
4.286750	10.448010	-0.051271	0.025892
5.400011	10.536089	-0.179007	0.005722
6.506540	10.544830	-0.166527	0.011491
7.588301	10.603506	-0.007791	0.058860
8.600482	10.457338	-0.078248	0.016403
9.651700	10.384927	-0.288025	0.048516
10.644146	10.516551	-0.229747	0.049684
11.765149	10.570553	0.053898	0.012927
12.879463	10.592865	0.025856	0.015896
13.977936	10.478469	-0.098407	0.011342
15.017117	10.432906	-0.112923	0.036358
15.491858	11.297692	-0.013753	0.026362
-15.465903	11.305875	0.274613	0.039085
-14.446054	11.329158	0.067873	0.028849
-13.394411	11.217045	-0.185304	0.012401
-12.295754	11.156127	-0.212796	0.058622
-11.305501	11.300520	-0.379514	0.127638
-10.141316	11.202043	-0.572784	0.033489
-9.117377	11.235574	-0.369595	0.010073
-8.042521	11.230967	-0.216164	0.002495
-6.965293	11.221643	-0.146431	0.021059
-5.868299	11.295771	0.096517	0.075574
-4.770890	11.304578	-0.101470	0.099953
-3.734226	11.212893	-0.197280	0.039845
-2.552830	11.322545	-0.190299	0.138269
-1.568787	11.192859	-0.114668	0.045278
-0.458459	11.253988	0.048229	0.049254
0.590246	11.237950	-0.327225	0.020816
1.639185	11.245876	-0.389136	0.010921
2.748534	11.206995	-0.171323	0.020669
3.816988	11.306231	0.244928	0.037324
4.773983	11.304315	0.031038	0.030026
5.875140	11.364337	-0.031899	0.033353
7.023030	11.361162	-0.061307	0.030779
8.016564	11.274467	-0.463583	0.019373
9.113220	11.287409	-0.399572	0.023213
10.177261	11.298356	-0.235794	0.023937
11.183740	11.343476	-0.121175	0.013826
12.320143	11.397137	-0.331185	0.009989
13.414022	11.392099	-0.191143	0.024214
14.440525	11.266604	-0.133818	0.020331
-16.015138	12.098914	0.071163	0.012778
-14.946522	12.186183	0.394412	0.073139
-13.868229	12.057831	0.172146	0.016427
-12.767622	12.043062	0.027769	0.046529
-11.698988	12.078532	-0.075846	0.086800
-10.620884	11.963206	-0.067520	0.035561
-9.630916	11.858152	0.134843	0.087308
-8.520609	11.931475	-0.044079	0.035970
-7.458393	11.973787	0.058266	0.038526
-6.501175	11.983645	0.017005	0.034024
-5.423941	11.980444	-0.200542	0.042248
-4.263315	12.074821	-0.007901	0.025893
-3.132111	12.066235	0.046259	0.022508
-2.089955	12.041244	-0.069106	0.011590
-1.075808	11.989426	-0.170445	0.043620
-0.032777	12.069007	-0.249519	0.043574
1.034727	12.022711	0.099570	0.021708
2.136024	11.978924	0.008992	0.041325
3.204011	12.077707	-0.123636	0.014771
4.249491	12.066996	-0.202407	0.006385
5.317927	12.031093	-0.227123	0.032187
6.441266	12.041531	-0.357888	0.043918
7.483282	12.078874	-0.402473	0.015907
8.470398	12.029931	-0.164886	0.031875
9.558472	12.063828	-0.005247	0.021749
10.625968	12.121069	0.313098	0.028450
11.770506	12.122845	0.254543	0.015251
12.816557	12.166273	0.150384	0.005542
13.892806	12.124340	-0.004521	0.007779
14.989542	12.123651	0.091610	0.022403
15.539858	12.800992	-0.204442	0.037334
-15.460469	12.886686	-0.055322	0.025737
-14.422638	12.797906	-0.093033	0.051481
-13.335624	12.771511	-0.212803	0.030709
-12.305236	12.721421	-0.541206	0.053807
-11.164093	12.752848	-0.155227	0.018202
-10.101780	12.757404	-0.095751	0.019835
-9.099079	12.731436	-0.059890	0.009845
-8.056339	12.798207	-0.323043	0.018074
-7.056261	12.836348	-0.319331	0.058063
-5.949893	12.798977	-0.069606	0.014835
-4.855474	12.771950	0.009374	0.027550
-3.732848	12.863423	-0.057589	0.019328
-2.679035	12.862477	-0.128502	0.019492
-1.559297	12.859682	0.136577	0.016001
-0.462547	12.885575	-0.140964	0.011606
0.571320	12.879259	-0.012833	0.010536
1.588778	12.817036	-0.050249	0.053047
2.616632	12.939343	-0.043046	0.046107
3.692956	12.872399	0.153017	0.007111
4.727529	12.863384	-0.163606	0.014441
5.790720	12.900618	-0.397376	0.034826
6.854669	12.845282	-0.292813	0.056279
7.997882	12.839045	-0.178312	0.020695
9.024234	12.833592	-0.174198	0.016707
10.174330	12.911733	-0.257158	0.042478
11.170391	12.842109	-0.127839	0.029404
12.241304	12.921415	-0.129192	0.013248
13.324378	12.907690	-0.275830	0.007314
14.408714	12.874525	-0.310253	0.013183
16.048344	13.641437	-0.023422	0.012139
-14.907331	13.687707	0.122054	0.032253
-13.951299	13.661342	-0.330211	0.033819
-12.876666	13.634798	-0.203085	0.042378
-11.782111	13.487742	-0.193860	0.033665
-10.686781	13.547404	0.011848	0.011988
-9.655558	13.526526	-0.280450	0.009680
-8.605026	13.583062	-0.188656	0.013277
-7.588664	13.512675	0.201030	0.060307
-6.449452	13.540396	-0.000441	0.026646
-5.280705	13.528352	-0.098858	0.107330
-4.258140	13.617605	0.063740	0.037246
-3.171817	13.561095	0.122545	0.055941
-2.169222	13.630123	-0.177369	0.029908
-0.967697	13.709427	0.053166	0.044292
0.090856	13.805080	0.009456	0.054972
1.164662	13.788321	0.214223	0.082097
2.154856	13.799257	0.074426	0.063343
3.155955	13.715710	-0.046333	0.005037
4.243342	13.613195	0.081189	0.030825
5.292052	13.675044	-0.003160	0.005790
6.410528	13.767031	-0.050055	0.063284
7.454849	13.720100	-0.236987	0.019350
8.494746	13.695173	-0.119045	0.013673
9.588389	13.673904	-0.260665	0.008171
10.682245	13.669251	-0.000449	0.011884
11.686643	13.612306	0.175345	0.037562
12.811046	13.731373	-0.038539	0.047423
13.918105	13.646738	-0.177732	0.034369
14.875850	13.574110	0.037597	0.105546
15.551675	14.440006	0.020413	0.024271
-15.472607	14.459198	0.021929	0.007775
-14.389399	14.492707	0.145635	0.032686
-13.457197	14.396555	-0.060226	0.065930
-12.339201	14.297437	0.090991	0.033605
-11.270239	14.336215	0.200213	0.021094
-10.185968	14.252307	0.326164	0.068963
-9.143783	14.345025	0.172367	0.010211
-8.088354	14.412735	0.234356	0.017505
-6.984257	14.383095	-0.048107	0.018339
-5.885472	14.428732	-0.218328	0.058620
-4.924593	14.398705	0.000993	0.043822
-3.794160	14.436060	-0.131814	0.012094
-2.698255	14.438495	-0.083118	0.012501
-1.605298	14.446521	-0.101391	0.031536
-0.563269	14.524663	-0.004638	0.024053
0.508832	14.652431	0.237853	0.093866
1.507283	14.556387	0.168285	0.086163
2.653876	14.578591	-0.057638	0.024627
3.686431	14.495668	-0.007200	0.016704
4.759103	14.447153	-0.088330	0.019736
5.831656	14.465450	0.189037	0.019953
6.961310	14.472878	0.405735	0.013587
8.000827	14.491112	0.077473	0.004507
9.067906	14.439613	0.149235	0.014908
10.118752	14.513589	-0.219494	0.037773
11.142273	14.468929	-0.161319	0.019749
12.177275	14.389585	0.094547	0.065608
13.292336	14.530107	0.089116	0.060520
14.469514	14.416592	-0.034592	0.043472
16.031454	15.305196	0.046451	0.017914
-14.952905	15.319953	-0.084961	0.013009
-13.865620	15.379360	-0.113688	0.108920
-12.851970	15.209334	-0.069466	0.014500
-11.808530	15.100966	-0.139435	0.052738
-10.671345	15.203119	0.029598	0.044366
-9.590304	15.160936	0.117991	0.028297
-8.560793	15.207477	0.145083	0.010307
-7.495418	15.220677	-0.055444	0.021934
-6.525381	15.176426	-0.110601	0.060190
-5.479150	15.134241	0.173171	0.066347
-4.411784	15.265806	-0.062438	0.027285
-3.206343	15.287761	-0.194890	0.031692
-2.108901	15.355043	-0.264793	0.050226
-1.105351	15.293089	-0.155830	0.017360
0.007440	15.361984	-0.174243	0.031739
1.108270	15.291828	-0.161154	0.082186
2.082336	15.360948	-0.154652	0.049793
3.232912	15.291578	-0.135562	0.025276
4.281491	15.195390	-0.099593	0.042283
5.412376	15.180730	-0.085829	0.044898
6.436441	15.236477	0.209038	0.006370
7.488290	15.303141	0.319647	0.014608
8.591126	15.279784	0.139509	0.003084
9.651746	15.245422	0.055207	0.023483
10.629183	15.168238	0.233458	0.082262
11.674761	15.216017	0.281047	0.027322
12.745960	15.299222	0.029601	0.033459
13.895852	15.238939	0.130294	0.037066
14.984781	15.297946	0.203088	0.004576
