14.320157	-15.777236	0.222595	0.068848
15.389826	-15.639997	-0.092021	0.041109
-15.638423	-15.545733	0.177569	0.048642
-14.546334	-15.524014	0.026512	0.041947
-13.488650	-15.663579	0.162998	0.054455
-12.275459	-15.699477	0.216844	0.042859
-11.179186	-15.725478	0.032638	0.031136
-10.104363	-15.777800	0.094705	0.035671
-8.969306	-15.811720	-0.055966	0.109271
-7.982673	-15.665486	-0.403870	0.043852
-6.982611	-15.659917	0.031429	0.037647
-5.915903	-15.776215	0.094013	0.041636
-4.803312	-15.666284	0.215224	0.031651
-3.743193	-15.692439	0.161579	0.021824
-2.713005	-15.771044	0.058842	0.016115
-1.673663	-15.800147	-0.225146	0.005157
-0.598741	-15.809149	-0.159623	0.034725
0.494712	-15.718958	-0.124087	0.041014
1.568711	-15.664843	-0.156830	0.064116
2.716279	-15.861814	-0.382311	0.111367
3.838701	-15.878835	-0.244242	0.162787
4.740203	-15.875128	0.023440	0.028097
5.771828	-15.971380	0.129839	0.031212
6.808328	-15.888339	-0.071155	0.036594
7.967053	-15.990372	-0.176447	0.086884
8.969700	-15.860389	0.150190	0.045031
10.076366	-15.892538	0.201359	0.042285
11.185108	-15.833958	0.424354	0.018526
12.280768	-15.689779	0.462668	0.059388
13.335450	-15.765589	0.238303	0.012436
14.945408	-14.969888	0.514387	0.033740
15.983411	-14.878285	0.001965	0.013219
-14.969501	-14.774122	0.082508	0.038651
-14.030032	-14.655803	-0.239595	0.213177
-12.815842	-14.814225	-0.004777	0.060213
-11.694773	-14.787953	0.147419	0.014112
-10.640308	-14.856919	0.268897	0.007396
-9.531801	-14.909537	-0.130431	0.007504
-8.489892	-14.904047	-0.353370	0.018352
-7.453242	-14.868035	0.054794	0.015822
-6.401607	-14.844403	-0.126619	0.022209
-5.400625	-14.934503	0.007127	0.047145
-4.185245	-14.909630	-0.120463	0.056395
-3.066825	-14.935243	-0.002786	0.141293
-2.156492	-14.942715	-0.113365	0.016357
-1.157634	-14.975997	0.038873	0.024737
-0.189561	-14.905105	0.117512	0.079207
0.941776	-14.940896	0.214467	0.019695
2.099633	-14.890524	-0.025029	0.087603
3.127699	-15.063531	-0.110532	0.077492
4.149889	-15.002383	0.116588	0.123178
5.211117	-15.091754	0.403589	0.077541
6.290685	-15.033301	0.257329	0.051310
7.339226	-15.105460	0.209767	0.054053
8.434662	-15.020320	0.061216	0.041038
9.595337	-14.930484	0.001887	0.060060
10.690597	-15.036242	0.170766	0.028055
11.756679	-15.000546	0.032265	0.014591
12.867454	-14.970089	0.155846	0.034542
13.924661	-14.919311	0.415376	0.020996
14.448631	-14.120134	0.248836	0.006627
15.507938	-14.110879	0.361836	0.015997
-15.494285	-14.068520	0.276656	0.019503
-14.410274	-14.011767	0.473321	0.052725
-13.461080	-14.095604	0.260907	0.137213
-12.264992	-13.938094	0.251898	0.038383
-11.126748	-13.925919	0.214202	0.059235
-10.030778	-14.045024	0.097547	0.032766
-8.951152	-14.032448	-0.180977	0.028813
-7.970442	-13.941512	-0.032667	0.032670
-6.895481	-13.988852	-0.206283	0.012391
-5.944081	-14.069898	0.060305	0.038224
-4.795402	-14.129192	0.092044	0.040385
-3.781380	-14.088630	0.146170	0.046464
-2.686860	-14.044676	0.071481	0.025061
-1.692439	-14.034263	0.065062	0.032749
-0.596598	-14.065889	0.145491	0.021094
0.379304	-14.131580	0.266215	0.026434
1.487608	-14.233313	0.017364	0.058451
2.667895	-14.157275	-0.100341	0.050580
3.697882	-14.257939	-0.167000	0.043881
4.885093	-14.159831	0.134737	0.108537
5.916054	-14.183294	0.309572	0.044275
6.913236	-14.318602	-0.114470	0.049577
7.996031	-14.214179	0.205881	0.012370
9.117822	-14.173175	0.252625	0.025787
10.148388	-14.160833	0.162929	0.011104
11.153590	-14.222749	-0.105671	0.049782
12.241328	-14.172648	0.023196	0.029351
13.380131	-14.065258	0.380791	0.038838
14.968852	-13.352358	0.114098	0.011057
16.003736	-13.387768	-0.020920	0.049036
-14.966902	-13.400229	-0.142376	0.067678
-13.944166	-13.275628	0.199705	0.034494
-12.819270	-13.238491	-0.070514	0.040528
-11.697940	-13.210187	0.125664	0.027853
-10.636571	-13.251475	-0.024611	0.042512
-9.574774	-13.180866	0.039569	0.016217
-8.477779	-13.143851	0.072913	0.016306
-7.371364	-13.082893	-0.266588	0.062402
-6.372278	-13.153234	-0.283337	0.047445
-5.464060	-13.203682	-0.102208	0.084330
-4.265228	-13.301510	-0.169642	0.090752
-3.244556	-13.160979	0.134917	0.044133
-2.136388	-13.210421	0.284458	0.011530
-1.086193	-13.226975	0.105608	0.003199
-0.047590	-13.270003	0.164364	0.014371
1.020525	-13.414689	-0.021756	0.038830
2.067842	-13.368876	0.333997	0.028009
3.271505	-13.412146	0.327134	0.069668
4.280394	-13.482220	0.073700	0.069896
5.466335	-13.410633	-0.090237	0.058565
6.492993	-13.464483	-0.169825	0.048384
7.532331	-13.431447	0.072884	0.027837
8.592629	-13.433771	-0.115520	0.031813
9.657286	-13.266386	-0.132913	0.090828
10.716162	-13.346460	-0.043489	0.037944
11.795397	-13.318351	0.061097	0.039393
12.814227	-13.321521	-0.006266	0.057885
13.974283	-13.325038	0.008303	0.051054
14.500862	-12.634288	0.454414	0.023731
15.570225	-12.603971	0.266348	0.038800
-15.458701	-12.523824	0.140584	0.045938
-14.390770	-12.574792	-0.090423	0.087860
-13.407674	-12.432757	-0.143734	0.047801
-12.408808	-12.499374	-0.065442	0.086382
-11.222863	-12.397360	-0.285283	0.020825
-10.078840	-12.339049	-0.233439	0.019172
-9.006724	-12.261936	-0.072001	0.013020
-7.972314	-12.162144	-0.117490	0.059965
-7.042381	-12.231127	-0.401555	0.106417
-5.871501	-12.214130	-0.311916	0.052547
-4.909174	-12.276064	-0.094763	0.092618
-3.733247	-12.410595	-0.328067	0.046134
-2.707064	-12.381181	-0.006281	0.012654
-1.584707	-12.381714	0.073102	0.015276
-0.520695	-12.456631	-0.182769	0.022239
0.595666	-12.532564	-0.014383	0.053236
1.514266	-12.603128	0.092796	0.053500
2.635396	-12.644484	-0.019355	0.021916
3.669262	-12.639796	-0.093499	0.037185
4.825483	-12.516135	-0.031544	0.088084
5.932832	-12.641441	-0.104942	0.043918
6.903555	-12.552249	0.027075	0.069644
8.076876	-12.603836	-0.097014	0.046914
9.057099	-12.641850	0.004722	0.062939
10.066301	-12.475855	0.228148	0.099748
11.173989	-12.453005	0.415162	0.108308
12.273116	-12.527447	0.272094	0.058498
13.401635	-12.761981	0.428717	0.133263
14.957408	-11.905618	-0.033620	0.042227
16.014016	-11.755457	0.095120	0.006090
-15.014909	-11.611463	-0.095195	0.145183
-13.960651	-11.793534	-0.207124	0.077575
-12.932311	-11.674391	0.041936	0.033673
-11.789127	-11.637750	0.306113	0.008014
-10.668886	-11.632214	0.069835	0.033454
-9.538295	-11.498234	-0.220612	0.015420
-8.532306	-11.377973	-0.302567	0.019512
-7.497812	-11.401423	-0.430023	0.014949
-6.408992	-11.385966	-0.459128	0.008577
-5.299886	-11.291256	-0.370977	0.119250
-4.239967	-11.552890	-0.227431	0.093465
-3.208387	-11.533621	-0.150762	0.020744
-2.126649	-11.606112	-0.052587	0.014048
-1.042954	-11.670693	0.209692	0.027302
0.047758	-11.546028	0.039116	0.097105
1.116858	-11.657712	-0.017317	0.037423
2.097485	-11.783459	0.041353	0.022474
3.112820	-11.855299	-0.040846	0.035887
4.223146	-11.851170	-0.065534	0.041983
5.433991	-11.741062	-0.086805	0.069004
6.425275	-11.767962	-0.047845	0.011685
7.456078	-11.796316	0.062783	0.022657
8.436056	-11.753308	-0.323562	0.164856
9.523007	-11.782986	-0.179194	0.102041
10.696568	-11.864362	-0.283354	0.016336
11.790000	-11.844239	-0.285275	0.032968
12.877211	-11.931576	0.066274	0.053175
13.897418	-11.977882	0.056896	0.057559
14.418613	-11.054839	0.340917	0.012730
15.393886	-10.967484	0.020717	0.019683
-15.656775	-10.932087	-0.037550	0.046343
-14.434226	-10.971292	-0.002681	0.092688
-13.422012	-11.006558	-0.442679	0.056350
-12.340835	-10.908923	-0.241476	0.006762
-11.215394	-10.854531	-0.074334	0.019240
-10.070786	-10.673113	0.008603	0.070622
-8.994971	-10.557146	-0.212083	0.057231
-7.988349	-10.535237	-0.219515	0.013699
-6.938088	-10.561819	-0.257495	0.006152
-5.867434	-10.525043	-0.311200	0.013366
-4.687432	-10.524719	-0.282371	0.065975
-3.618726	-10.577667	-0.198319	0.018098
-2.593102	-10.686060	-0.402862	0.019785
-1.527914	-10.855597	-0.204035	0.026979
-0.461839	-10.901870	-0.124498	0.050880
0.636502	-10.765958	0.110568	0.144597
1.679969	-11.008344	0.120371	0.053936
2.703096	-10.985912	0.311727	0.019752
3.728390	-10.988304	0.155628	0.022605
4.809210	-10.971610	-0.095069	0.026321
5.884254	-10.959120	0.341203	0.027007
6.931792	-11.014579	0.490320	0.010357
8.008008	-11.087403	0.399720	0.036145
9.116788	-11.233803	0.394618	0.197612
10.200585	-11.174190	0.383311	0.095997
11.275788	-11.238603	0.237865	0.155226
12.287366	-11.080370	0.064763	0.026169
13.365314	-11.058867	-0.019119	0.010145
14.868101	-10.173248	-0.226474	0.015075
15.896435	-10.155804	-0.181797	0.019874
-15.069196	-10.201978	-0.240855	0.041889
-14.064819	-10.091770	-0.273871	0.235773
-12.905821	-10.172511	-0.474303	0.060854
-11.789933	-10.183312	-0.490601	0.039320
-10.708746	-10.056480	-0.557160	0.197462
-9.724380	-9.802639	-0.543984	0.760288
-8.571397	-9.621101	-0.452700	1.583252
-7.424905	-9.729567	-0.361621	1.299646
-6.400889	-9.661432	-0.335359	1.667796
-5.335740	-9.678592	-0.179306	1.676557
-4.136552	-9.567932	-0.212177	2.445694
-3.094589	-9.601115	-0.285291	2.284183
-2.026475	-9.869855	-0.533488	0.946276
-0.947763	-10.011495	-0.459639	0.458490
0.101348	-10.165833	-0.406317	0.089072
1.104175	-10.182307	-0.469671	0.062958
2.228947	-10.264457	-0.259543	0.021242
3.279544	-10.278630	-0.120736	0.017479
4.252493	-10.199021	-0.339422	0.049684
5.484193	-10.192546	-0.076795	0.103226
6.441340	-10.122492	0.298646	0.043645
7.506713	-10.224666	0.447915	0.017140
8.534866	-10.329530	0.230748	0.020419
9.516483	-10.381012	0.247167	0.073929
10.621223	-10.321093	0.031388	0.041390
11.678011	-10.286200	-0.131214	0.040822
12.735950	-10.234168	-0.074072	0.032438
13.827173	-10.173504	0.026109	0.037675
14.382252	-9.438864	0.078237	0.017583
15.425380	-9.360374	0.084641	0.023357
-15.593038	-9.423839	0.182638	0.010209
-14.550907	-9.537208	0.251021	0.068372
-13.398610	-9.614757	0.259264	0.114016
-12.384957	-9.552937	0.117539	0.042293
-11.362551	-9.639430	0.124945	0.183462
-10.278883	-9.783204	0.367701	0.591945
-9.198111	-9.845872	0.355104	0.959569
-8.067316	-10.008990	0.212582	1.537323
-6.980035	-10.054523	0.355511	1.477608
-5.873962	-10.080903	0.503931	1.575656
-4.668405	-10.142416	0.503657	1.979460
-3.612680	-10.136142	0.327770	2.081338
-2.609331	-9.982392	0.395763	1.208181
-1.572204	-9.826433	0.333964	0.461694
-0.471438	-9.763575	0.252959	0.255941
0.677233	-9.617573	0.201872	0.072929
1.666865	-9.584647	-0.095999	0.055764
2.838732	-9.476644	-0.122699	0.038692
3.823843	-9.476955	-0.002708	0.026486
4.836142	-9.391432	-0.019205	0.032446
5.915847	-9.345424	-0.067910	0.047291
7.074486	-9.397756	0.119576	0.080980
7.971893	-9.534727	-0.132827	0.073556
9.111882	-9.528760	0.121340	0.037432
10.096354	-9.477297	0.137381	0.035765
11.213084	-9.559999	0.194387	0.052468
12.256986	-9.439768	-0.152419	0.012125
13.379668	-9.402729	0.177756	0.019916
14.889668	-8.642361	0.035264	0.035722
15.949520	-8.662652	-0.149005	0.022907
-15.031879	-8.659963	-0.098735	0.021539
-13.935774	-8.834053	-0.059811	0.040539
-12.860242	-8.791877	0.164660	0.007519
-11.833036	-8.772303	0.169202	0.017431
-10.834300	-8.812860	0.143203	0.105851
-9.738942	-9.022469	0.084719	0.061190
-8.541568	-9.037204	0.411397	0.047023
-7.549123	-9.187751	0.174135	0.031466
-6.550541	-9.216279	0.172633	0.091897
-5.366533	-9.269874	0.266923	0.044140
-4.287111	-9.294093	0.205058	0.062874
-3.214596	-9.222592	0.302680	0.036744
-2.117028	-9.107981	0.055177	0.016638
-1.043730	-9.014586	-0.158307	0.010650
0.068430	-8.923010	-0.189329	0.009133
1.187822	-8.848863	-0.099960	0.011425
2.325797	-8.782591	0.023680	0.044470
3.407481	-8.587580	-0.022692	0.141290
4.366088	-8.552849	0.262329	0.070509
5.457929	-8.559539	0.166951	0.055650
6.438078	-8.684909	-0.136141	0.054805
7.561930	-8.656601	-0.052039	0.040348
8.597566	-8.743506	0.267046	0.032118
9.558480	-8.741980	0.260786	0.019291
10.654457	-8.689578	0.049252	0.010242
11.763427	-8.636736	-0.242814	0.010226
12.883370	-8.653327	-0.142979	0.038393
13.913421	-8.598394	-0.014066	0.018787
14.507825	-7.781131	0.221249	0.038587
15.522308	-7.823386	0.273935	0.047586
-15.564514	-7.864426	-0.145743	0.031170
-14.460020	-7.913010	-0.175272	0.016995
-13.365106	-8.039110	-0.311407	0.061836
-12.235590	-7.947548	-0.174215	0.071008
-11.186225	-8.056388	-0.271074	0.037022
-10.171815	-8.243999	0.097087	0.116187
-9.100493	-8.127028	0.149687	0.047227
-8.024850	-8.183758	0.178930	0.029230
-6.965857	-8.278785	0.075989	0.022847
-5.867960	-8.456049	0.163241	0.062673
-4.706256	-8.388034	0.296010	0.038834
-3.703167	-8.395491	0.349286	0.023019
-2.613307	-8.241041	0.337556	0.052282
-1.550114	-8.231513	0.305280	0.032059
-0.456875	-8.260046	-0.131935	0.065948
0.645966	-8.162138	-0.204141	0.044758
1.755597	-8.016822	-0.334183	0.054009
2.764777	-8.031021	-0.350230	0.056759
3.920259	-7.954297	-0.319860	0.110282
4.846811	-7.843035	-0.173753	0.037271
5.895765	-7.804530	-0.186628	0.027466
6.984361	-7.880603	-0.255908	0.006860
8.083421	-7.964092	-0.192828	0.025432
9.008035	-7.992620	-0.206405	0.057365
10.124743	-7.924093	0.229083	0.005848
11.226051	-7.828459	-0.031398	0.008925
12.311325	-7.747151	0.011028	0.031277
13.342906	-7.800220	-0.198664	0.026308
15.006352	-6.950257	-0.118051	0.026186
15.881466	-6.926916	-0.200149	0.156971
-15.073188	-7.011930	-0.056918	0.032250
-13.964776	-7.051125	-0.009522	0.036981
-12.842774	-7.154952	-0.035793	0.042973
-11.717536	-7.296314	0.227331	0.033257
-10.629260	-7.287465	0.158363	0.025290
-9.566209	-7.394178	-0.077623	0.022242
-8.485273	-7.362768	0.015430	0.006857
-7.408334	-7.430906	-0.097519	0.012089
-6.327625	-7.463058	0.053710	0.050661
-5.234284	-7.538864	0.049658	0.027929
-4.190434	-7.578018	0.190031	0.035227
-3.219300	-7.466284	0.014805	0.029828
-2.181086	-7.442294	-0.070663	0.028185
-1.166321	-7.434332	-0.096341	0.086115
-0.030349	-7.347796	-0.135902	0.028030
1.025352	-7.369269	-0.154718	0.085546
2.188198	-7.214639	-0.117521	0.040431
3.239541	-7.213264	-0.140307	0.046544
4.337262	-7.034857	-0.134379	0.049560
5.411996	-7.066976	0.031525	0.027542
6.421950	-7.041291	0.201658	0.012876
7.480817	-7.141682	0.312825	0.008988
8.575745	-7.261219	0.166283	0.080228
9.649264	-7.212924	-0.016026	0.042114
10.672123	-7.134823	0.153481	0.016036
11.748405	-7.006594	0.173136	0.009075
12.834118	-6.961691	-0.138374	0.009368
13.940819	-6.943283	0.046291	0.013113
14.434196	-6.158768	-0.011827	0.008596
15.462738	-6.117058	-0.251144	0.053268
-15.550841	-6.264651	-0.136368	0.064033
-14.497341	-6.182745	-0.201635	0.064620
-13.278327	-6.286237	0.085545	0.075571
-12.274254	-6.453018	0.242064	0.030510
-11.109026	-6.481302	0.174370	0.022077
-10.004343	-6.544788	0.002308	0.031342
-8.945730	-6.562869	-0.048616	0.022959
-7.893226	-6.548498	-0.044652	0.039666
-6.889804	-6.697408	-0.197195	0.060610
-5.787004	-6.785372	-0.201173	0.093983
-4.669099	-6.683775	-0.064875	0.025168
-3.656753	-6.578527	0.166367	0.028911
-2.696074	-6.601586	-0.025067	0.020921
-1.587829	-6.550894	-0.137275	0.012847
-0.567003	-6.510960	0.029300	0.027721
0.509570	-6.502303	0.059550	0.022821
1.579345	-6.517557	0.147900	0.046879
2.786536	-6.425399	0.007483	0.042809
3.778655	-6.369994	0.229282	0.021207
4.849197	-6.173174	0.203382	0.082070
5.858044	-6.243637	-0.146882	0.012175
6.940810	-6.231875	0.001618	0.038092
8.017006	-6.348961	0.035284	0.024556
9.110535	-6.292761	0.116177	0.076564
10.171416	-6.311802	-0.127595	0.037486
11.225869	-6.284859	-0.147472	0.030226
12.257712	-6.108032	-0.302455	0.039304
13.335578	-6.163911	0.008507	0.010841
14.849518	-5.370343	0.041301	0.068665
15.979049	-5.406280	0.259314	0.021182
-15.068585	-5.479708	0.347823	0.043721
-13.906708	-5.543805	0.226846	0.034700
-12.786375	-5.542116	0.199790	0.026117
-11.717062	-5.665309	0.109099	0.019716
-10.631450	-5.692046	0.065768	0.006026
-9.501922	-5.721543	0.128270	0.013122
-8.507872	-5.739477	-0.050999	0.061431
-7.257250	-5.738935	-0.126731	0.102753
-6.243207	-5.849373	-0.005101	0.062977
-5.269581	-5.790751	-0.102404	0.020949
-4.167866	-5.754244	-0.194320	0.011893
-3.171063	-5.741273	0.029216	0.011304
-2.081124	-5.689165	-0.003786	0.009693
-1.046697	-5.717476	-0.039940	0.011263
0.032104	-5.790632	-0.002928	0.053373
1.167890	-5.716618	0.107760	0.052297
2.216024	-5.668362	-0.099364	0.024459
3.257843	-5.598520	-0.234559	0.019068
4.271195	-5.545973	-0.239249	0.061798
5.279007	-5.414434	-0.043729	0.040197
6.279963	-5.510319	0.168241	0.082283
7.377169	-5.425604	0.233928	0.074546
8.508247	-5.502833	-0.100062	0.035950
9.528172	-5.647548	-0.191874	0.157467
10.695392	-5.450161	-0.279538	0.044948
11.703261	-5.303922	-0.068507	0.058897
12.823661	-5.312855	-0.045584	0.007675
13.881797	-5.404382	0.078629	0.026094
14.418358	-4.568943	-0.115820	0.024558
15.517487	-4.655190	0.044730	0.049053
-15.542533	-4.612904	0.292635	0.016245
-14.415201	-4.669857	0.493822	0.009139
-13.325944	-4.739811	0.370921	0.005257
-12.169654	-4.819243	0.086104	0.036270
-11.176889	-4.842178	-0.199154	0.007967
-10.115309	-4.886942	0.048463	0.016120
-9.048884	-4.864856	0.251809	0.053131
-7.855526	-4.936686	0.178474	0.026606
-6.824949	-4.928215	0.138629	0.024711
-5.864449	-4.925574	-0.172503	0.054689
-4.692046	-4.850602	-0.214389	0.039179
-3.694042	-4.868793	-0.030496	0.023292
-2.614544	-4.855736	0.149542	0.021872
-1.487960	-4.810988	0.254706	0.055535
-0.486299	-4.904598	0.201819	0.017125
0.564368	-4.865335	-0.017353	0.005204
1.628759	-4.809290	-0.212293	0.051685
2.715948	-4.870010	-0.200703	0.062122
3.791032	-4.627964	-0.299304	0.126979
4.832946	-4.599300	-0.160332	0.069366
5.727353	-4.623186	0.040539	0.092583
6.929170	-4.634637	-0.164361	0.060210
7.948000	-4.766090	-0.059055	0.055181
9.098416	-4.741865	0.247751	0.038602
10.103148	-4.812958	0.073657	0.102959
11.173462	-4.667888	0.141598	0.020303
12.262997	-4.498719	0.021157	0.026605
13.362303	-4.524851	-0.181633	0.013908
15.022331	-3.787300	0.144857	0.043075
16.004147	-3.767063	-0.056015	0.067780
-14.969651	-3.853601	0.115583	0.006954
-13.843068	-3.913799	0.044572	0.009537
-12.731166	-3.986359	0.039216	0.018053
-11.651668	-3.952278	-0.032172	0.042045
-10.611960	-4.047972	0.157031	0.014580
-9.529177	-4.141057	-0.025758	0.039553
-8.406444	-4.113125	-0.163721	0.022294
-7.313676	-4.154827	-0.114049	0.062820
-6.343300	-4.010856	-0.121281	0.031671
-5.315612	-4.079633	0.016347	0.054670
-4.119726	-3.972485	-0.154845	0.058249
-3.051599	-4.003180	-0.016272	0.033503
-2.030896	-4.119093	0.093479	0.071895
-0.953780	-4.049717	0.013253	0.032951
0.010492	-4.011531	-0.092718	0.015560
1.106277	-3.993371	-0.198325	0.027728
2.237270	-4.142799	0.062397	0.209802
3.131008	-4.008962	0.315217	0.082591
4.304610	-3.934333	0.364772	0.034831
5.303856	-3.912687	0.341384	0.028597
6.371924	-3.890302	0.250048	0.016196
7.505528	-3.973805	0.382833	0.062952
8.531463	-3.889168	0.083683	0.011659
9.674769	-3.823729	-0.179733	0.079100
10.626043	-3.990520	0.237723	0.165963
11.778897	-3.746092	0.466355	0.094564
12.865573	-3.694800	0.239649	0.106502
13.832688	-3.813281	0.453430	0.072937
14.430641	-3.081459	0.192717	0.080679
15.622902	-3.027589	0.252770	0.060967
-15.440980	-3.056830	-0.114073	0.016728
-14.343252	-3.147251	-0.264713	0.012265
-13.154691	-3.182128	-0.145360	0.048180
-12.159692	-3.231860	-0.327888	0.036617
-11.008385	-3.223898	-0.104018	0.068665
-9.980020	-3.200469	-0.047428	0.029601
-8.933747	-3.285447	0.116956	0.013803
-7.917406	-3.240286	-0.033985	0.032023
-6.858204	-3.186400	-0.063801	0.020281
-5.805418	-3.137373	0.070292	0.029052
-4.727128	-3.229685	-0.096832	0.031405
-3.619222	-3.194063	0.215569	0.007639
-2.570943	-3.203806	0.253737	0.011228
-1.544629	-3.179034	-0.005658	0.025181
-0.523211	-3.247170	-0.202246	0.043725
0.498993	-3.182878	0.085159	0.035360
1.606668	-3.206742	0.284845	0.064563
2.505464	-3.159980	0.408604	0.188800
3.667400	-3.216990	0.333963	0.036723
4.725291	-3.134068	0.389063	0.044084
5.901454	-3.154596	0.451533	0.027886
6.958652	-3.112409	0.225157	0.022145
8.037702	-3.057789	0.078490	0.016775
9.082985	-2.972890	-0.007803	0.021650
10.188326	-3.036536	-0.031861	0.048909
11.205241	-3.003693	0.110173	0.103913
12.293367	-3.148644	-0.075833	0.175459
13.263804	-2.844875	0.284780	0.364570
14.997035	-2.216073	0.212781	0.045628
-15.994500	-2.312291	-0.075773	0.019379
-14.879310	-2.292278	-0.188245	0.016904
-13.755304	-2.401809	-0.126635	0.013703
-12.622606	-2.417789	0.087529	0.047805
-11.651937	-2.337920	-0.301811	0.071177
-10.546338	-2.372594	-0.245967	0.033615
-9.448832	-2.423393	-0.233260	0.013927
-8.368291	-2.442489	-0.264315	0.037147
-7.293750	-2.302546	-0.217280	0.088067
-6.308554	-2.334675	-0.138472	0.020358
-5.186915	-2.364788	-0.113515	0.016687
-4.121073	-2.388021	-0.106683	0.009426
-3.077429	-2.364648	0.101332	0.006855
-2.019473	-2.327610	0.353468	0.013301
-0.968492	-2.364369	0.236139	0.011559
0.036187	-2.286970	0.123197	0.060112
1.110864	-2.417143	0.067594	0.080003
2.110649	-2.231266	0.073630	0.124409
3.205330	-2.400117	0.110807	0.049238
4.239994	-2.404118	-0.106869	0.031168
5.363206	-2.315972	0.334908	0.030759
6.389317	-2.334058	0.377974	0.016179
7.393887	-2.227253	0.141083	0.035015
8.481324	-2.174835	-0.136020	0.022330
9.597328	-2.143283	0.073956	0.054175
10.625522	-2.329094	-0.315016	0.060979
11.755131	-2.364363	-0.298715	0.065925
12.738534	-2.281361	-0.403840	0.131992
13.950371	-2.351602	-0.175384	0.143836
14.480131	-1.435542	0.036282	0.046410
15.586237	-1.466645	0.163274	0.011931
-15.446168	-1.529073	0.131520	0.012898
-14.361392	-1.586536	0.102848	0.009495
-13.293406	-1.629989	-0.046806	0.037209
-12.079672	-1.542953	-0.094928	0.078334
-10.971830	-1.563200	-0.061301	0.086595
-9.931671	-1.652723	0.089300	0.082144
-8.953481	-1.566668	-0.071784	0.032152
-7.921182	-1.627924	-0.153497	0.047971
-6.878507	-1.464356	0.035754	0.086909
-5.713599	-1.565875	0.211348	0.027658
-4.661544	-1.486896	-0.034024	0.035406
-3.556046	-1.553462	-0.198680	0.011133
-2.461503	-1.583624	0.058488	0.067187
-1.429888	-1.495244	0.024611	0.037765
-0.417345	-1.515190	-0.109250	0.014105
0.676606	-1.543848	-0.106392	0.050853
1.661732	-1.451831	0.238768	0.041287
2.814282	-1.475511	0.071138	0.084932
3.757046	-1.482338	0.210614	0.024648
4.765202	-1.592579	-0.001238	0.060864
5.877382	-1.458320	-0.024406	0.029065
6.881358	-1.466848	0.126921	0.012775
7.974129	-1.452488	0.077544	0.020968
8.957299	-1.422995	-0.337089	0.057045
10.020059	-1.406914	-0.409270	0.061796
11.170262	-1.525131	-0.273243	0.029198
12.335210	-1.442541	-0.047314	0.053410
13.425963	-1.568737	-0.148972	0.070086
15.127970	-0.725971	0.223869	0.060587
-15.914453	-0.648771	0.364495	0.036807
-14.875170	-0.728174	0.316660	0.008147
-13.828020	-0.809476	0.252614	0.013192
-12.805002	-0.755574	0.188582	0.051583
-11.691431	-0.701517	-0.034350	0.028984
-10.558330	-0.762283	0.033311	0.014309
-9.537434	-0.726401	-0.087526	0.052881
-8.416646	-0.838255	-0.218856	0.065391
-7.443175	-0.732307	0.081174	0.068285
-6.262923	-0.775860	-0.082515	0.021907
-5.210527	-0.779471	-0.064874	0.020355
-4.074754	-0.655437	-0.078849	0.065900
-3.049390	-0.769194	0.054092	0.093347
-2.095133	-0.658260	-0.127178	0.102526
-0.904271	-0.612339	-0.113749	0.050543
0.128848	-0.699229	-0.078385	0.011268
1.118964	-0.706856	-0.056599	0.046869
2.233408	-0.609766	0.042306	0.029079
3.252329	-0.659669	-0.067124	0.044640
4.271604	-0.695386	-0.091638	0.035470
5.337419	-0.707894	-0.181525	0.030149
6.415711	-0.671748	-0.233251	0.019543
7.438508	-0.625446	-0.068723	0.016147
8.574600	-0.581160	0.031744	0.039051
9.581263	-0.648560	-0.010736	0.006735
10.622212	-0.676708	-0.224929	0.024115
11.802830	-0.631684	-0.225036	0.025614
12.876225	-0.672830	0.101703	0.006862
13.944645	-0.720725	0.001081	0.034639
14.512245	0.158742	0.209358	0.041206
15.599898	0.091800	0.104330	0.030846
-15.432387	0.135593	0.178953	0.045765
-14.342813	-0.023254	-0.091828	0.051170
-13.247761	-0.049370	-0.217025	0.077938
-12.271315	0.073402	0.142649	0.019696
-11.189368	0.082373	0.122591	0.026933
-10.112773	0.076165	0.022274	0.036588
-8.977868	-0.006906	-0.048660	0.038882
-7.851294	0.117703	-0.085446	0.081003
-6.849503	0.038742	-0.306322	0.016445
-5.729985	0.035276	-0.030741	0.004700
-4.658492	0.017228	-0.170992	0.035169
-3.564449	0.150862	-0.160058	0.049007
-2.560300	0.333799	0.015892	0.180802
-1.486789	0.187613	0.016744	0.027918
-0.463564	0.131264	0.078827	0.017046
0.609917	0.087037	-0.193371	0.043857
1.772343	0.235291	-0.315638	0.061863
2.881232	0.247598	0.056984	0.050501
3.913429	0.257849	0.060645	0.047140
4.966352	0.120401	0.102343	0.070559
5.927535	0.238322	-0.445290	0.041304
6.993720	0.249607	-0.156498	0.015236
8.022410	0.302782	-0.270376	0.044814
9.108799	0.186099	-0.137561	0.007972
10.173297	0.111390	-0.125463	0.017289
11.213610	0.112483	0.057070	0.029246
12.328584	0.204068	-0.111881	0.040659
13.483172	0.143880	-0.063695	0.018899
15.136018	0.847668	-0.144258	0.067196
-15.862859	0.875298	-0.130713	0.057395
-14.836748	0.869811	-0.048812	0.027908
-13.756323	0.927023	-0.365615	0.066831
-12.791536	0.852059	0.086394	0.035342
-11.684969	0.915753	0.031179	0.018141
-10.631580	1.040919	0.084794	0.097780
-9.500579	0.851176	0.085100	0.034871
-8.456573	0.855257	-0.030504	0.016752
-7.370020	0.865881	0.014050	0.005915
-6.320187	0.836178	0.143773	0.009466
-5.221037	0.822239	0.325729	0.036080
-4.195003	0.939432	0.049709	0.023632
-3.168610	1.041047	-0.374214	0.041245
-2.098116	1.059501	-0.409417	0.051255
-0.981635	0.945138	-0.149971	0.026313
0.065199	1.001829	-0.207709	0.052514
1.142322	0.948945	-0.300523	0.030040
2.290219	0.982797	-0.301655	0.013880
3.401222	1.082141	0.037290	0.019623
4.463065	1.039508	0.166975	0.013895
5.503311	1.054034	0.150310	0.028916
6.525738	0.991450	0.156160	0.036277
7.614225	1.108985	-0.059274	0.035071
8.635568	1.063983	-0.190187	0.009890
9.703501	1.018140	-0.171258	0.016834
10.720563	0.976194	0.019663	0.029191
11.870882	0.978326	0.215548	0.017526
12.997552	0.933245	-0.039273	0.045087
14.010740	0.967857	0.006510	0.026207
14.635975	1.788639	-0.015222	0.089465
15.586855	1.721354	-0.453983	0.039737
-15.409010	1.770447	-0.242406	0.046668
-14.265995	1.667108	-0.235238	0.070569
-13.330884	1.736920	0.042113	0.049809
-12.217579	1.722952	-0.044995	0.025938
-11.145942	1.917163	0.209507	0.144734
-10.078714	1.723993	0.125173	0.030629
-8.968872	1.724538	0.169003	0.015315
-7.896934	1.692985	-0.183070	0.006316
-6.857702	1.647532	0.175470	0.010262
-5.767586	1.719621	0.120290	0.021511
-4.742016	1.807438	0.133847	0.031006
-3.632573	1.759506	0.054733	0.038209
-2.576916	1.880877	-0.009057	0.086323
-1.444389	1.697677	0.126874	0.051495
-0.442474	1.645203	-0.013583	0.052262
0.655822	1.769828	-0.394419	0.034503
1.691256	1.814117	-0.167741	0.022081
2.811401	1.820436	-0.168874	0.007137
3.925629	1.861983	-0.157552	0.009806
4.929233	1.844829	-0.089991	0.033947
6.024458	1.853109	-0.089542	0.034404
7.093692	1.882790	-0.331748	0.024245
8.091307	1.917677	-0.140552	0.015908
9.172247	1.833575	-0.244715	0.007680
10.335474	1.753813	-0.262407	0.044284
11.353353	1.752691	0.084204	0.016213
12.496132	1.682434	0.063867	0.084101
13.495438	1.849851	0.223929	0.086504
15.056960	2.526219	-0.196500	0.032966
-15.953176	2.505830	-0.258917	0.006016
-14.865610	2.505087	-0.416093	0.030987
-13.770118	2.626899	-0.215742	0.112397
-12.722277	2.534158	0.075704	0.025951
-11.705551	2.599582	0.057553	0.029291
-10.563329	2.618636	-0.015517	0.062181
-9.555434	2.477522	-0.170975	0.034702
-8.451844	2.515949	-0.049531	0.012687
-7.419213	2.474929	0.016853	0.010761
-6.359375	2.438396	-0.189026	0.049386
-5.266411	2.611391	-0.078949	0.027596
-4.218582	2.633110	-0.128177	0.014967
-3.136488	2.571804	-0.173537	0.025782
-2.000566	2.496926	0.095880	0.046108
-0.947689	2.501856	-0.123404	0.012219
0.177382	2.433717	-0.076458	0.088038
1.095960	2.534507	0.148560	0.089249
2.294190	2.591771	0.104988	0.016941
3.383211	2.641145	-0.063205	0.003622
4.467669	2.674547	-0.427001	0.024952
5.590873	2.588693	-0.474691	0.104397
6.572718	2.829300	-0.321852	0.195923
7.572627	2.710890	-0.461365	0.027296
8.646312	2.711051	-0.220525	0.029590
9.737754	2.633496	-0.180028	0.041012
10.914463	2.513423	0.054890	0.044911
12.010902	2.528077	0.193205	0.055986
12.915425	2.563246	-0.075165	0.062271
13.921685	2.532522	-0.170536	0.121527
14.546439	3.394016	-0.155503	0.053966
15.672214	3.234290	-0.152746	0.058571
-15.390910	3.216998	0.052950	0.043324
-14.407586	3.217973	0.260682	0.114752
-13.286223	3.434744	0.321963	0.072068
-12.165628	3.364041	0.116792	0.076214
-11.232761	3.461771	0.115905	0.081985
-10.153231	3.327715	0.212784	0.045391
-9.010840	3.321741	0.088235	0.021368
-8.009537	3.387149	0.004821	0.099816
-6.865447	3.318081	-0.018558	0.057169
-5.847101	3.369356	-0.071951	0.055403
-4.825467	3.379417	-0.144510	0.057689
-3.699770	3.454804	-0.352534	0.079757
-2.620300	3.326647	-0.082219	0.043567
-1.445562	3.372461	-0.210690	0.044100
-0.348272	3.306421	0.054139	0.052107
0.663267	3.392713	-0.100984	0.038867
1.734400	3.397353	-0.033993	0.021209
2.838094	3.487959	-0.000176	0.031421
3.956737	3.485989	-0.094075	0.044878
5.031238	3.341023	-0.004648	0.065345
6.014742	3.421026	-0.020191	0.027965
7.077086	3.452321	0.020016	0.024889
8.170717	3.430088	-0.039772	0.013167
9.275540	3.370065	-0.064997	0.050751
10.457071	3.373663	0.041489	0.163462
11.454967	3.425623	0.166693	0.046057
12.482041	3.441964	0.249887	0.063593
13.528914	3.491036	0.002743	0.140354
15.013375	4.061916	0.181875	0.037646
-16.009663	4.000034	0.170332	0.052678
-14.932174	4.138101	0.185299	0.039879
-13.895046	4.118410	0.110816	0.034090
-12.825668	4.220680	0.053817	0.025015
-11.808880	4.203510	0.364748	0.066816
-10.618954	4.202301	0.193716	0.047835
-9.609043	4.179364	0.047328	0.008708
-8.571140	4.133851	-0.227502	0.055056
-7.448180	3.940550	-0.419056	0.158768
-6.312626	4.077774	-0.126106	0.035750
-5.218009	4.033981	0.070109	0.086423
-4.214866	4.034667	0.033896	0.079031
-3.103381	4.178826	0.026233	0.050506
-1.944413	4.124088	-0.106491	0.080606
-1.025066	4.172724	0.112448	0.078140
0.057541	4.205945	0.030552	0.063564
1.214789	4.175401	0.097822	0.033753
2.202492	4.287102	0.383861	0.054274
3.321060	4.198746	0.338138	0.047628
4.403072	4.222207	0.293563	0.035659
5.419687	4.119245	-0.015266	0.071141
6.537007	4.258124	0.216432	0.025743
7.601804	4.249934	0.186824	0.014094
8.696176	4.140336	0.168083	0.047685
9.764284	4.250391	0.240960	0.030132
10.765805	4.369860	0.081507	0.117662
11.779744	4.239056	-0.148395	0.079247
12.854692	4.178818	-0.088731	0.089711
13.897656	4.205839	0.089133	0.073859
14.529003	4.982513	0.024369	0.046540
15.503346	4.883638	0.054055	0.032657
-15.399770	4.874854	-0.123189	0.084817
-14.408708	4.984353	-0.034415	0.021937
-13.396265	4.933948	0.033358	0.036665
-12.403909	5.000414	0.159861	0.085954
-11.148657	5.036781	0.298783	0.051904
-10.162934	5.102537	0.279082	0.044874
-9.096485	5.021064	0.024232	0.025416
-7.917505	4.861861	-0.106017	0.034019
-6.814492	4.808977	-0.232432	0.082794
-5.814097	4.954862	0.031415	0.036229
-4.718790	4.880271	-0.051485	0.018497
-3.605595	4.912125	-0.062009	0.032467
-2.600554	4.866474	0.074990	0.052250
-1.494288	4.918632	-0.092188	0.036190
-0.372493	5.002138	-0.029188	0.047197
0.684776	4.939939	-0.286925	0.041363
1.650362	4.977846	-0.185049	0.043112
2.770180	5.091789	-0.124664	0.032172
3.953250	5.036140	0.153322	0.038220
4.945171	4.986117	-0.144453	0.010053
5.947447	4.959555	-0.070176	0.033346
6.989959	5.015620	0.177857	0.032952
8.170066	5.053612	0.110770	0.041589
9.196086	4.976466	-0.096711	0.039955
10.179810	5.072007	-0.277447	0.035951
11.246605	5.101481	-0.347412	0.030876
12.408733	5.118028	-0.126495	0.105009
13.446073	4.997935	0.011402	0.041193
14.987762	5.781180	-0.204656	0.010694
16.022045	5.703165	0.085754	0.057539
-14.988338	5.848875	0.170260	0.054535
-13.869875	5.805935	0.289131	0.014045
-12.816612	5.841845	0.137285	0.026372
-11.764844	5.806185	-0.034680	0.035461
-10.606493	5.897657	-0.079316	0.020012
-9.543162	5.926158	0.026485	0.039638
-8.462505	5.800221	-0.024134	0.019351
-7.414962	5.718999	-0.052603	0.036917
-6.407129	5.805463	-0.076289	0.069543
-5.300857	5.799162	-0.015442	0.019052
-4.109716	5.767603	0.050470	0.048651
-3.135135	5.685920	0.322022	0.050535
-2.128187	5.801256	0.195891	0.067392
-0.958027	5.703129	-0.021678	0.041397
0.107703	5.821042	-0.083310	0.025307
1.206749	5.812424	0.018850	0.015931
2.229329	5.816592	0.134653	0.014920
3.377867	5.908041	0.107714	0.018488
4.480182	5.924368	0.168068	0.019733
5.459505	5.850847	-0.172456	0.006542
6.535639	5.785909	-0.149059	0.048483
7.551407	5.803799	0.151039	0.032177
8.638171	5.884528	-0.107391	0.020847
9.706629	5.892095	-0.050269	0.036933
10.729408	6.003456	-0.165745	0.095843
11.740970	5.849710	-0.020632	0.050977
12.809041	5.823637	-0.225589	0.025944
13.880210	5.825609	-0.192839	0.020018
14.457558	6.629002	-0.193813	0.004955
15.546393	6.588061	-0.009405	0.020303
-15.533987	6.641260	0.027353	0.018668
-14.380748	6.660959	0.048246	0.031156
-13.393274	6.670561	0.210173	0.008860
-12.353253	6.715779	-0.020568	0.024264
-11.177728	6.656408	0.103634	0.024612
-10.077490	6.703102	-0.028409	0.026736
-8.934409	6.587955	-0.003980	0.074632
-7.851198	6.592264	0.200749	0.044926
-6.805398	6.602109	0.027528	0.056850
-5.850281	6.581644	0.358639	0.019400
-4.752537	6.572543	-0.051379	0.009725
-3.592796	6.623110	-0.034658	0.073749
-2.708083	6.648861	0.339783	0.082794
-1.581351	6.515530	0.028394	0.038889
-0.449170	6.566110	-0.099825	0.012288
0.662905	6.594201	-0.147468	0.014424
1.711374	6.593981	-0.222621	0.009206
2.770397	6.639699	-0.142960	0.021146
3.940847	6.776774	0.074158	0.044092
4.986317	6.764884	-0.009223	0.017355
5.997421	6.724062	-0.125053	0.024437
6.941693	6.718241	0.129725	0.065907
8.008464	6.674726	-0.095771	0.025912
9.058202	6.666051	-0.295157	0.044004
10.078642	6.731112	0.314173	0.080719
11.294881	6.708227	0.285480	0.066214
12.286102	6.667219	-0.057125	0.008168
13.351452	6.638475	-0.154885	0.002728
14.979885	7.469587	0.138489	0.011373
-16.046727	7.519290	-0.026696	0.033254
-15.021154	7.495261	0.081813	0.045162
-13.873176	7.492805	0.226325	0.044381
-12.949766	7.569863	-0.130842	0.077656
-11.829224	7.496149	-0.113186	0.006990
-10.709186	7.439650	0.053134	0.022655
-9.573177	7.535278	-0.004295	0.053889
-8.472888	7.482568	0.184705	0.034895
-7.437849	7.490548	0.177286	0.077007
-6.390160	7.444350	0.015498	0.037062
-5.359180	7.429118	0.120034	0.025004
-4.227109	7.386934	0.149564	0.039887
-3.169288	7.486253	0.106462	0.023314
-2.107214	7.458500	0.170099	0.012640
-1.049445	7.328996	-0.016150	0.025409
0.061654	7.287869	-0.071801	0.054185
1.190511	7.444097	-0.140131	0.031764
2.257381	7.470381	-0.198992	0.023018
3.307730	7.482760	-0.123466	0.030900
4.397516	7.554951	-0.218106	0.036857
5.469735	7.548906	-0.159665	0.040506
6.477783	7.463772	-0.235338	0.039903
7.513968	7.460746	-0.099321	0.042368
8.563278	7.579830	-0.085212	0.029335
9.643273	7.521841	-0.013541	0.015785
10.674394	7.556907	0.124824	0.019718
11.707013	7.532026	0.005438	0.026847
12.771124	7.451367	0.155885	0.021125
13.889711	7.430766	0.208269	0.004155
14.428966	8.228072	-0.001406	0.016640
15.571345	8.313419	-0.156820	0.039938
-15.464686	8.239891	-0.076549	0.043703
-14.368827	8.332704	0.209845	0.081336
-13.347983	8.489062	0.217470	0.265802
-12.377114	8.306362	0.241459	0.039567
-11.275368	8.250789	0.178203	0.008935
-10.134299	8.248661	0.054799	0.012507
-8.980548	8.273589	0.100794	0.037222
-7.951276	8.190579	-0.097779	0.037114
-6.764816	8.235612	-0.124211	0.103502
-5.802896	8.256445	0.295986	0.022978
-4.781112	8.300961	0.093368	0.013400
-3.637773	8.330540	0.096252	0.037008
-2.659061	8.332666	0.462322	0.044233
-1.591375	8.276923	0.359648	0.035338
-0.531134	8.134986	0.015778	0.053320
0.559490	8.221422	0.186939	0.043459
1.624808	8.229113	0.073838	0.038079
2.828980	8.211487	0.000552	0.040849
3.824826	8.147935	0.178406	0.069177
4.825012	8.184022	0.371348	0.064660
5.922890	8.368963	0.043104	0.071551
6.933280	8.382733	-0.154686	0.028996
8.011125	8.366391	-0.085864	0.014576
9.110078	8.404932	-0.054406	0.019269
10.192760	8.349798	-0.104074	0.015254
11.203243	8.373345	0.185831	0.014076
12.324515	8.323697	0.270680	0.023744
13.365136	8.255870	0.129341	0.006163
14.981436	9.088685	-0.079337	0.012747
16.005900	9.068800	-0.121039	0.024080
-14.986791	9.011400	0.027139	0.042925
-13.970063	9.009979	-0.219002	0.126798
-12.835425	9.040584	-0.270372	0.095158
-11.788271	9.129050	0.116470	0.028399
-10.740876	9.044978	-0.139888	0.030795
-9.663509	9.051314	-0.078149	0.050035
-8.507320	9.026261	0.169933	0.014147
-7.373365	8.993217	-0.206557	0.047969
-6.360367	9.139043	-0.078857	0.034250
-5.346196	9.143098	0.021081	0.023055
-4.217943	9.162124	0.042880	0.011484
-3.015409	9.113076	-0.083854	0.079086
-2.046220	9.041626	-0.094764	0.026242
-0.945027	9.037918	0.095664	0.025531
0.107978	8.922048	-0.219977	0.064205
1.140270	8.981261	-0.113572	0.014295
2.228574	8.999539	-0.090077	0.024103
3.302306	9.006585	0.087307	0.031215
4.217431	9.004462	-0.152283	0.066413
5.357165	8.963881	0.142531	0.066703
6.458428	9.163887	0.113622	0.050137
7.430745	9.168985	0.311544	0.040853
8.587603	9.144269	0.223237	0.032504
9.609527	9.165101	-0.133648	0.013963
10.661081	9.165777	0.024565	0.023668
11.728516	9.115563	-0.102320	0.023031
12.843308	9.141764	-0.002158	0.014253
13.892376	9.084573	0.168693	0.005684
14.441833	9.972655	0.139690	0.024266
15.513024	9.900948	0.156708	0.011036
-15.518498	9.840758	0.119735	0.013002
-14.355145	9.856066	0.197275	0.067877
-13.432824	9.876631	-0.005594	0.036097
-12.316012	9.951984	-0.088203	0.041852
-11.178919	9.859038	-0.186635	0.032154
-10.096826	9.901675	0.048017	0.033458
-9.034538	9.844490	-0.011519	0.038449
-7.988076	9.874583	-0.195510	0.012596
-6.904692	9.925855	-0.440500	0.038995
-5.802376	9.939586	-0.325247	0.063107
-4.802955	9.951155	-0.126766	0.024299
-3.646223	9.921856	-0.089192	0.006848
-2.535248	9.913021	-0.346049	0.014757
-1.488904	9.868899	-0.199062	0.008246
-0.407491	9.828823	-0.184087	0.026071
0.540581	9.776915	-0.014489	0.051287
1.663842	9.739810	0.032856	0.054187
2.686722	9.900611	-0.189982	0.089512
3.773804	9.729569	-0.051588	0.051420
4.779212	9.750658	-0.180064	0.026493
5.857938	9.900250	-0.143127	0.044276
6.958490	9.864324	-0.193686	0.091195
8.000075	10.041759	-0.038438	0.072632
9.051070	9.914855	-0.063837	0.039003
10.209363	9.911747	-0.182710	0.058628
11.298705	9.959666	-0.126896	0.078406
12.278652	9.913571	-0.215027	0.026732
13.346998	9.928397	0.017433	0.005372
14.939112	10.703759	0.090691	0.020378
-15.973899	10.639912	0.112146	0.051603
-14.919631	10.661264	0.429348	0.026198
-13.924504	10.666075	0.160295	0.024304
-12.823819	10.739423	0.206204	0.041978
-11.689749	10.663826	-0.041991	0.088729
-10.699052	10.687950	-0.164515	0.022852
-9.599319	10.737421	-0.160848	0.020686
-8.648732	10.681853	-0.060841	0.088407
-7.474111	10.688151	-0.098006	0.032512
-6.516387	10.628319	0.149686	0.131778
-5.423896	10.668107	0.165922	0.084156
-4.274185	10.657685	0.136998	0.051226
-3.120041	10.707038	0.062101	0.013101
-2.011544	10.776629	0.004416	0.043576
-1.010556	10.653302	0.083642	0.031720
0.052092	10.722410	0.016588	0.065102
1.158772	10.623442	-0.082678	0.042345
2.122859	10.660763	0.169097	0.040674
3.229939	10.614608	0.142011	0.023999
4.256695	10.565268	0.198092	0.029883
5.350665	10.556363	0.302975	0.089897
6.333802	10.776315	-0.168021	0.107977
7.407721	10.794836	-0.241209	0.061914
8.566992	10.799078	-0.245585	0.040528
9.672358	10.682751	-0.238938	0.083421
10.634686	10.873298	-0.088311	0.110928
11.683181	10.852177	0.008157	0.054022
12.766252	10.739697	-0.085484	0.024796
13.869651	10.783853	0.032753	0.016755
14.467767	11.560564	-0.042037	0.020809
15.514927	11.449542	0.326021	0.043318
-15.556346	11.472646	0.076412	0.037087
-14.454851	11.568437	0.316789	0.022710
-13.456082	11.544775	-0.048987	0.029633
-12.405242	11.524950	0.093909	0.076650
-11.236393	11.620768	-0.126705	0.048859
-10.190108	11.585372	0.063786	0.011299
-9.144444	11.555797	0.068514	0.027313
-7.967586	11.494758	0.020871	0.035315
-6.920494	11.503525	0.328326	0.011544
-5.854188	11.488421	0.126905	0.014634
-4.772011	11.571845	0.094541	0.023008
-3.728911	11.576057	0.107358	0.027002
-2.617722	11.607524	-0.201935	0.030237
-1.515847	11.496162	-0.277271	0.011526
-0.440630	11.422105	-0.261800	0.057700
0.539565	11.477971	-0.022465	0.039013
1.673531	11.550480	0.135171	0.057204
2.690660	11.494930	0.080829	0.016539
3.841883	11.506882	0.228998	0.050947
4.774313	11.507678	0.149694	0.019826
5.838660	11.469191	0.326480	0.066611
7.032687	11.520939	0.241404	0.176604
7.932863	11.596111	-0.058446	0.069634
9.044319	11.443799	0.029722	0.090866
10.115162	11.507366	0.256945	0.047023
11.232440	11.668867	0.340696	0.057177
12.285569	11.640779	0.050589	0.032745
13.282242	11.588741	-0.121296	0.072883
15.045652	12.302218	0.028094	0.030147
-16.036874	12.385577	0.141364	0.008487
-15.081923	12.448086	-0.019745	0.059265
-13.942756	12.409535	0.112132	0.017715
-12.845515	12.389926	0.000699	0.029049
-11.802296	12.409802	-0.057430	0.025582
-10.753259	12.398557	-0.050124	0.034956
-9.628083	12.471980	0.032143	0.065354
-8.540830	12.393433	0.008545	0.022432
-7.371569	12.442483	0.020349	0.092165
-6.345268	12.324510	0.118180	0.018454
-5.313434	12.331997	-0.224136	0.021448
-4.186443	12.459023	-0.266424	0.113388
-3.210341	12.347941	-0.413303	0.032345
-2.063922	12.372999	-0.532893	0.028802
-1.037210	12.316802	-0.038778	0.016211
0.068853	12.356380	-0.157145	0.031078
1.026703	12.322695	-0.043670	0.059169
2.197704	12.300403	-0.126137	0.033992
3.302581	12.328025	-0.110036	0.061428
4.302876	12.393831	0.087259	0.046310
5.236272	12.442109	0.106796	0.090537
6.315586	12.339528	0.072153	0.056891
7.403716	12.443656	0.005733	0.077915
8.525558	12.375505	-0.237510	0.031266
9.625397	12.373439	-0.008541	0.031691
10.662219	12.300698	0.162564	0.036258
11.704654	12.384870	-0.060964	0.040956
12.940102	12.413754	0.014139	0.102188
13.982527	12.318267	0.009721	0.045466
14.525570	13.150547	0.091214	0.046216
15.630100	13.248426	0.134419	0.084505
-15.528725	13.268942	0.342475	0.029469
-14.454568	13.369085	0.289696	0.057226
-13.444530	13.213697	0.022298	0.048627
-12.224533	13.109411	-0.097743	0.136815
-11.241139	13.222252	-0.208283	0.038265
-10.068639	13.152431	-0.320431	0.122578
-9.090679	13.168233	-0.020551	0.045791
-8.012420	13.230170	0.187296	0.020160
-6.942176	13.173057	0.268466	0.016463
-5.804399	13.144807	0.198889	0.027524
-4.800633	13.087473	0.140652	0.055878
-3.782135	13.200886	0.145056	0.038673
-2.676565	13.090806	-0.110736	0.048511
-1.585016	13.176633	-0.108222	0.013607
-0.556668	13.251331	-0.090903	0.023589
0.495883	13.235156	-0.145579	0.033268
1.676439	13.176680	-0.094340	0.060345
2.625032	13.158962	-0.045051	0.044405
3.625027	13.118637	0.446917	0.079563
4.715130	13.167586	0.518146	0.024654
5.853500	13.196592	0.266827	0.042818
6.842120	13.220211	0.254934	0.035186
7.952112	13.098280	-0.112201	0.055206
9.027167	13.201582	0.199417	0.061945
10.134511	13.117392	0.059868	0.021783
11.202058	13.117803	0.163721	0.019179
12.242610	13.240883	-0.022424	0.045744
13.473051	13.280306	0.032468	0.080857
14.943004	13.992895	0.261265	0.056182
15.997553	14.101613	-0.113648	0.026946
-14.964543	14.254823	0.157349	0.120273
-13.899639	14.129915	0.109860	0.028745
-12.827423	14.023108	0.208446	0.033125
-11.779746	14.065161	0.026610	0.021065
-10.720316	14.041144	-0.183485	0.020864
-9.662832	14.067697	-0.201436	0.029930
-8.507098	14.068222	0.038073	0.029134
-7.505407	14.084817	0.048594	0.032378
-6.428236	13.968845	-0.125530	0.009536
-5.378775	13.904284	-0.085083	0.043295
-4.349075	14.004421	0.078745	0.017168
-3.305527	14.010291	0.041728	0.027145
-2.165090	13.953272	-0.129468	0.027996
-1.070998	14.088324	-0.168372	0.049883
0.041125	14.138319	-0.185063	0.101012
1.006177	14.059196	-0.352005	0.030482
2.148779	14.027441	-0.435672	0.026304
3.201337	13.934008	0.005179	0.045354
4.205978	13.924616	0.103021	0.028969
5.308828	13.933585	0.116024	0.049626
6.288372	14.027940	0.513286	0.053946
7.441488	13.989829	0.107417	0.038797
8.450882	13.864084	0.165757	0.111442
9.717670	13.916004	0.079578	0.114374
10.696848	13.960916	-0.104846	0.010858
11.696478	14.017495	0.259741	0.035608
12.862766	14.024804	0.274562	0.037232
13.872418	14.056892	-0.027336	0.058834
14.479456	14.890313	0.305864	0.054415
15.435169	14.873652	-0.113265	0.017264
-15.623301	14.919385	-0.178266	0.044944
-14.530343	14.990309	-0.116572	0.025595
-13.470139	14.962515	0.140982	0.024375
-12.335619	14.872813	0.027640	0.023208
-11.192419	14.934345	-0.005562	0.059682
-10.237771	14.900680	-0.066603	0.037589
-9.093574	14.861430	0.058645	0.016888
-8.050343	14.895861	-0.168219	0.048345
-6.953319	14.782372	-0.146453	0.030007
-5.926392	14.752975	-0.091755	0.026241
-4.902354	14.893765	0.246482	0.048199
-3.773362	14.902030	0.057971	0.026002
-2.766685	14.802774	-0.209813	0.013688
-1.723564	14.764259	0.166656	0.033481
-0.684890	14.844949	0.010335	0.049348
0.470054	14.899535	0.111497	0.026919
1.532668	14.897343	-0.188306	0.019263
2.601047	14.777710	0.213029	0.064228
3.658004	14.872698	-0.033560	0.082751
4.702264	14.736692	0.124090	0.031527
5.650356	14.764764	0.236539	0.136097
6.858240	14.700073	0.182474	0.029434
8.003295	14.790786	0.097144	0.073695
9.120579	14.698692	-0.043917	0.071372
10.126953	14.790676	0.080612	0.031360
11.207448	14.871022	0.197689	0.026558
12.354647	14.930440	0.336215	0.072443
13.435579	14.864448	0.413765	0.047640
14.963487	15.710674	0.242702	0.033585
15.973289	15.774063	-0.013805	0.008671
-15.042826	15.837972	-0.097535	0.019258
-14.026211	15.794515	-0.176182	0.011148
-12.904921	15.754544	0.025652	0.017639
-11.841137	15.791462	-0.014275	0.092087
-10.675059	15.659707	-0.303750	0.043402
-9.696198	15.706785	-0.091808	0.076530
-8.591699	15.587684	-0.422628	0.106276
-7.392339	15.709475	-0.402812	0.100087
-6.434827	15.631850	0.032780	0.012402
-5.408593	15.646194	-0.060436	0.019822
-4.257609	15.752142	0.012562	0.043998
-3.230392	15.654708	0.097617	0.003610
-2.224610	15.599320	-0.130594	0.002392
-1.232225	15.582247	-0.229817	0.034727
-0.079957	15.590849	-0.280326	0.030450
0.968900	15.671712	-0.209309	0.020414
2.088075	15.713873	0.117194	0.045335
3.229958	15.704825	0.153884	0.099999
4.196271	15.552567	0.187531	0.023028
5.218916	15.447591	-0.113307	0.039646
6.331732	15.423067	-0.178244	0.065943
7.364427	15.490609	-0.053644	0.038861
8.564620	15.463173	0.071244	0.079513
9.496180	15.545646	-0.055104	0.071798
10.706519	15.560264	-0.068563	0.036432
11.765997	15.688066	-0.047392	0.029412
12.796874	15.623040	0.083971	0.032771
13.851203	15.577007	-0.067847	0.058261
